55.944425, -3.188396, SE, 55.944212867965646. -3.1881838679656442, 72.71941047585281, 351.1472179472243
249,
55.944212867965646, -3.1881838679656442, NNW, 55.9444900318254. -3.1882986729953537, 72.71941047585281, 349.8972179472243
248,
55.9444900318254, -3.1882986729953537, SE, 55.94427789979105. -3.188086540960998, 72.71941047585281, 348.6472179472243
247,
55.94427789979105, -3.188086540960998, ESE, 55.944163094761336. -3.1878093771012446, 72.71941047585281, 347.3972179472243
246,
55.944163094761336, -3.1878093771012446, SSE, 55.94388593090158. -3.187694572071535, 72.71941047585281, 346.1472179472243
245,
55.94388593090158, -3.187694572071535, NNE, 55.944163094761336. -3.1875797670418256, 72.71941047585281, 344.8972179472243
244,
55.944163094761336, -3.1875797670418256, E, 55.944163094761336. -3.1872797670418254, 72.71941047585281, 343.6472179472243
243,
55.944163094761336, -3.1872797670418254, NW, 55.94437522679569. -3.187491899076181, 72.71941047585281, 342.3972179472243
242,
55.94437522679569, -3.187491899076181, WSW, 55.94426042176598. -3.1877690629359345, 72.71941047585281, 341.1472179472243
241,
55.94426042176598, -3.1877690629359345, SE, 55.944048289731626. -3.1875569309015788, 72.71941047585281, 339.8972179472243
240,
55.944048289731626, -3.1875569309015788, N, 55.94434828973163. -3.1875569309015788, 72.71941047585281, 338.6472179472243
239,
55.94434828973163, -3.1875569309015788, NNW, 55.944625453591385. -3.1876717359312883, 72.71941047585281, 337.3972179472243
238,
55.944625453591385, -3.1876717359312883, NE, 55.94483758562574. -3.1874596038969325, 72.71941047585281, 336.1472179472243
237,
55.94483758562574, -3.1874596038969325, N, 55.945137585625744. -3.1874596038969325, 82.57200143457575, 391.66788274841883
236,
55.945137585625744, -3.1874596038969325, SW, 55.94492545359139. -3.1876717359312883, 82.57200143457575, 390.41788274841883
235,
55.94492545359139, -3.1876717359312883, ENE, 55.9450402586211. -3.187394572071535, 143.9397775413086, 452.95979395995397
234,
55.9450402586211, -3.187394572071535, SE, 55.94482812658674. -3.187182440037179, 143.9397775413086, 451.70979395995397
233,
55.94482812658674, -3.187182440037179, ENE, 55.94494293161645. -3.1869052761774257, 143.9397775413086, 450.45979395995397
232,
55.94494293161645, -3.1869052761774257, NNW, 55.94522009547621. -3.187020081207135, 166.69387075889105, 449.72654190093726
231,
55.94522009547621, -3.187020081207135, SSW, 55.94494293161645. -3.1871348862368447, 166.69387075889105, 448.47654190093726
230,
55.94494293161645, -3.1871348862368447, SSW, 55.944665767756696. -3.187249691266554, 166.69387075889105, 447.22654190093726
229,
55.944665767756696, -3.187249691266554, ESE, 55.944550962726986. -3.186972527406801, 166.69387075889105, 445.97654190093726
228,
55.944550962726986, -3.186972527406801, NW, 55.94476309476134. -3.1871846594411566, 166.69387075889105, 444.72654190093726
227,
55.94476309476134, -3.1871846594411566, W, 55.94476309476134. -3.1874846594411568, 166.69387075889105, 443.47654190093726
226,
55.94476309476134, -3.1874846594411568, S, 55.94446309476134. -3.1874846594411568, 166.69387075889105, 442.22654190093726
225,
55.94446309476134, -3.1874846594411568, NW, 55.944675226795695. -3.1876967914755125, 166.69387075889105, 440.97654190093726
224,
55.944675226795695, -3.1876967914755125, SW, 55.94446309476134. -3.1879089235098683, 166.69387075889105, 439.72654190093726
223,
55.94446309476134, -3.1879089235098683, WSW, 55.94434828973163. -3.1881860873696217, 166.69387075889105, 438.47654190093726
222,
55.94434828973163, -3.1881860873696217, WNW, 55.94446309476134. -3.188463251229375, 166.69387075889105, 437.22654190093726
221,
55.94446309476134, -3.188463251229375, S, 55.944163094761336. -3.188463251229375, 166.69387075889105, 435.97654190093726
220,
55.944163094761336, -3.188463251229375, SE, 55.94395096272698. -3.1882511191950194, 166.69387075889105, 434.72654190093726
219,
55.94395096272698, -3.1882511191950194, W, 55.94395096272698. -3.1885511191950195, 166.69387075889105, 433.47654190093726
218,
55.94395096272698, -3.1885511191950195, ENE, 55.94406576775669. -3.188273955335266, 166.69387075889105, 432.22654190093726
217,
55.94406576775669, -3.188273955335266, SE, 55.943853635722334. -3.1880618233009104, 166.69387075889105, 430.97654190093726
216,
55.943853635722334, -3.1880618233009104, ESE, 55.943738830692624. -3.187784659441157, 166.69387075889105, 429.72654190093726
215,
55.943738830692624, -3.187784659441157, WNW, 55.943853635722334. -3.1880618233009104, 166.69387075889105, 428.47654190093726
214,
55.943853635722334, -3.1880618233009104, SSW, 55.94357647186258. -3.18817662833062, 166.69387075889105, 427.22654190093726
213,
55.94357647186258, -3.18817662833062, N, 55.94387647186258. -3.18817662833062, 166.69387075889105, 425.97654190093726
212,
55.94387647186258, -3.18817662833062, N, 55.94417647186258. -3.18817662833062, 166.69387075889105, 424.72654190093726
211,
55.94417647186258, -3.18817662833062, E, 55.94417647186258. -3.1878766283306197, 166.69387075889105, 423.47654190093726
210,
55.94417647186258, -3.1878766283306197, SSE, 55.94389930800283. -3.18776182330091, 166.69387075889105, 422.22654190093726
209,
55.94389930800283, -3.18776182330091, SW, 55.94368717596847. -3.187973955335266, 166.69387075889105, 420.97654190093726
208,
55.94368717596847, -3.187973955335266, N, 55.94398717596847. -3.187973955335266, 166.69387075889105, 419.72654190093726
207,
55.94398717596847, -3.187973955335266, ESE, 55.94387237093876. -3.1876967914755125, 166.69387075889105, 418.47654190093726
206,
55.94387237093876, -3.1876967914755125, ESE, 55.94375756590905. -3.187419627615759, 166.69387075889105, 417.22654190093726
205,
55.94375756590905, -3.187419627615759, W, 55.94375756590905. -3.1877196276157593, 166.69387075889105, 415.97654190093726
204,
55.94375756590905, -3.1877196276157593, WNW, 55.94387237093876. -3.1879967914755127, 166.69387075889105, 414.72654190093726
203,
55.94387237093876, -3.1879967914755127, SSE, 55.94359520707901. -3.1878819864458032, 166.69387075889105, 413.47654190093726
202,
55.94359520707901, -3.1878819864458032, SSW, 55.94331804321925. -3.1879967914755127, 166.69387075889105, 412.22654190093726
201,
55.94331804321925, -3.1879967914755127, N, 55.94361804321925. -3.1879967914755127, 166.69387075889105, 410.97654190093726
200,
55.94361804321925, -3.1879967914755127, ENE, 55.94373284824896. -3.1877196276157593, 166.69387075889105, 409.72654190093726
199,
55.94373284824896, -3.1877196276157593, NW, 55.94394498028332. -3.187931759650115, 166.69387075889105, 408.47654190093726
198,
55.94394498028332, -3.187931759650115, SE, 55.94373284824896. -3.1877196276157593, 166.69387075889105, 407.22654190093726
197,
55.94373284824896, -3.1877196276157593, N, 55.944032848248966. -3.1877196276157593, 166.69387075889105, 405.97654190093726
196,
55.944032848248966, -3.1877196276157593, S, 55.94373284824896. -3.1877196276157593, 166.69387075889105, 404.72654190093726
195,
55.94373284824896, -3.1877196276157593, WNW, 55.943847653278674. -3.1879967914755127, 166.69387075889105, 403.47654190093726
194,
55.943847653278674, -3.1879967914755127, W, 55.943847653278674. -3.188296791475513, 166.69387075889105, 402.22654190093726
193,
55.943847653278674, -3.188296791475513, SE, 55.94363552124432. -3.188084659441157, 166.69387075889105, 400.97654190093726
192,
55.94363552124432, -3.188084659441157, ENE, 55.94375032627403. -3.1878074955814037, 166.69387075889105, 399.72654190093726
191,
55.94375032627403, -3.1878074955814037, ENE, 55.94386513130374. -3.1875303317216503, 166.69387075889105, 398.47654190093726
190,
55.94386513130374, -3.1875303317216503, W, 55.94386513130374. -3.1878303317216505, 166.69387075889105, 397.22654190093726
189,
55.94386513130374, -3.1878303317216505, NE, 55.944077263338094. -3.1876181996872948, 166.69387075889105, 395.97654190093726
188,
55.944077263338094, -3.1876181996872948, E, 55.944077263338094. -3.1873181996872946, 166.69387075889105, 394.72654190093726
187,
55.944077263338094, -3.1873181996872946, SE, 55.94386513130374. -3.187106067652939, 166.69387075889105, 393.47654190093726
186,
55.94386513130374, -3.187106067652939, WNW, 55.94397993633345. -3.187383231512692, 166.69387075889105, 392.22654190093726
185,
55.94397993633345, -3.187383231512692, NNE, 55.944257100193205. -3.1872684264829827, 166.69387075889105, 390.97654190093726
184,
55.944257100193205, -3.1872684264829827, ENE, 55.944371905222916. -3.1869912626232293, 166.69387075889105, 389.72654190093726
183,
55.944371905222916, -3.1869912626232293, SSW, 55.94409474136316. -3.187106067652939, 166.69387075889105, 388.47654190093726
182,
55.94409474136316, -3.187106067652939, N, 55.94439474136316. -3.187106067652939, 166.69387075889105, 387.22654190093726
181,
55.94439474136316, -3.187106067652939, N, 55.944694741363165. -3.187106067652939, 166.69387075889105, 385.97654190093726
180,
55.944694741363165, -3.187106067652939, E, 55.944694741363165. -3.1868060676529386, 166.69387075889105, 384.72654190093726
179,
55.944694741363165, -3.1868060676529386, ENE, 55.944809546392875. -3.186528903793185, 191.41367908053454, 411.2149673355622
178,
55.944809546392875, -3.186528903793185, ESE, 55.944694741363165. -3.186251739933432, 191.41367908053454, 409.9649673355622
177,
55.944694741363165, -3.186251739933432, WNW, 55.944809546392875. -3.186528903793185, 191.41367908053454, 408.7149673355622
176,
55.944809546392875, -3.186528903793185, E, 55.944809546392875. -3.186228903793185, 191.41367908053454, 407.4649673355622
175,
55.944809546392875, -3.186228903793185, NNW, 55.94508671025263. -3.1863437088228945, 191.41367908053454, 406.2149673355622
174,
55.94508671025263, -3.1863437088228945, NNE, 55.94536387411239. -3.186228903793185, 191.41367908053454, 404.9649673355622
173,
55.94536387411239, -3.186228903793185, NNW, 55.945641037972145. -3.1863437088228945, 191.41367908053454, 403.7149673355622
172,
55.945641037972145, -3.1863437088228945, WSW, 55.945526232942434. -3.186620872682648, 260.23230272625517, 498.743227323957
171,
55.945526232942434, -3.186620872682648, NNW, 55.94580339680219. -3.1867356777123574, 260.23230272625517, 497.493227323957
170,
55.94580339680219, -3.1867356777123574, SW, 55.945591264767835. -3.186947809746713, 260.23230272625517, 496.243227323957
169,
55.945591264767835, -3.186947809746713, NNW, 55.94586842862759. -3.1870626147764227, 260.23230272625517, 494.993227323957
168,
55.94586842862759, -3.1870626147764227, SW, 55.945656296593235. -3.1872747468107785, 260.23230272625517, 493.743227323957
167,
55.945656296593235, -3.1872747468107785, NE, 55.94586842862759. -3.1870626147764227, 260.23230272625517, 492.493227323957
166,
55.94586842862759, -3.1870626147764227, NNE, 55.94614559248735. -3.186947809746713, 260.23230272625517, 491.243227323957
165,
55.94614559248735, -3.186947809746713, S, 55.945845592487345. -3.186947809746713, 260.23230272625517, 489.993227323957
164,
55.945845592487345, -3.186947809746713, SSW, 55.94556842862759. -3.1870626147764227, 260.23230272625517, 488.743227323957
163,
55.94556842862759, -3.1870626147764227, WSW, 55.94545362359788. -3.187339778636176, 260.23230272625517, 487.493227323957
162,
55.94545362359788, -3.187339778636176, SE, 55.94524149156352. -3.1871276466018204, 260.23230272625517, 486.243227323957
161,
55.94524149156352, -3.1871276466018204, E, 55.94524149156352. -3.18682764660182, 260.23230272625517, 484.993227323957
160,
55.94524149156352, -3.18682764660182, NNE, 55.94551865542328. -3.1867128415721107, 260.23230272625517, 483.743227323957
159,
55.94551865542328, -3.1867128415721107, ESE, 55.94540385039357. -3.1864356777123573, 260.23230272625517, 482.493227323957
158,
55.94540385039357, -3.1864356777123573, ENE, 55.94551865542328. -3.186158513852604, 260.23230272625517, 481.243227323957
157,
55.94551865542328, -3.186158513852604, E, 55.94551865542328. -3.1858585138526037, 281.5483777381908, 522.4962410065353
156,
55.94551865542328, -3.1858585138526037, SSE, 55.94524149156352. -3.185743708822894, 281.5483777381908, 521.2462410065353
155,
55.94524149156352, -3.185743708822894, E, 55.94524149156352. -3.185443708822894, 281.5483777381908, 519.9962410065353
154,
55.94524149156352, -3.185443708822894, WSW, 55.94512668653381. -3.1857208726826474, 281.5483777381908, 518.7462410065353
153,
55.94512668653381, -3.1857208726826474, SE, 55.944914554499455. -3.1855087406482916, 281.5483777381908, 517.4962410065353
152,
55.944914554499455, -3.1855087406482916, SSW, 55.9446373906397. -3.185623545678001, 281.5483777381908, 516.2462410065353
151,
55.9446373906397, -3.185623545678001, ESE, 55.94452258560999. -3.1853463818182477, 281.5483777381908, 514.9962410065353
150,
55.94452258560999, -3.1853463818182477, WNW, 55.9446373906397. -3.185623545678001, 281.5483777381908, 513.7462410065353
149,
55.9446373906397, -3.185623545678001, NE, 55.944849522674055. -3.1854114136436453, 281.5483777381908, 512.4962410065353
148,
55.944849522674055, -3.1854114136436453, ENE, 55.944964327703765. -3.185134249783892, 281.5483777381908, 511.24624100653534
147,
55.944964327703765, -3.185134249783892, W, 55.944964327703765. -3.185434249783892, 281.5483777381908, 509.99624100653534
146,
55.944964327703765, -3.185434249783892, WSW, 55.944849522674055. -3.1857114136436455, 281.5483777381908, 508.74624100653534
145,
55.944849522674055, -3.1857114136436455, SE, 55.9446373906397. -3.1854992816092897, 281.5483777381908, 507.49624100653534
144,
55.9446373906397, -3.1854992816092897, NNW, 55.944914554499455. -3.1856140866389993, 281.5483777381908, 506.24624100653534
143,
55.944914554499455, -3.1856140866389993, W, 55.944914554499455. -3.1859140866389994, 281.5483777381908, 504.99624100653534
142,
55.944914554499455, -3.1859140866389994, NNW, 55.94519171835921. -3.186028891668709, 281.5483777381908, 503.74624100653534
141,
55.94519171835921, -3.186028891668709, SW, 55.944979586324855. -3.1862410237030647, 281.5483777381908, 502.49624100653534
140,
55.944979586324855, -3.1862410237030647, ESE, 55.944864781295145. -3.1859638598433113, 281.5483777381908, 501.24624100653534
139,
55.944864781295145, -3.1859638598433113, NNE, 55.9451419451549. -3.185849054813602, 281.5483777381908, 499.99624100653534
138,
55.9451419451549, -3.185849054813602, WNW, 55.94525675018461. -3.186126218673355, 281.5483777381908, 498.74624100653534
137,
55.94525675018461, -3.186126218673355, SSE, 55.944979586324855. -3.1860114136436457, 281.5483777381908, 497.49624100653534
136,
55.944979586324855, -3.1860114136436457, N, 55.94527958632486. -3.1860114136436457, 281.5483777381908, 496.24624100653534
135,
55.94527958632486, -3.1860114136436457, SSW, 55.9450024224651. -3.186126218673355, 281.5483777381908, 494.99624100653534
134,
55.9450024224651, -3.186126218673355, NNW, 55.94527958632486. -3.1862410237030647, 281.5483777381908, 493.74624100653534
133,
55.94527958632486, -3.1862410237030647, ESE, 55.94516478129515. -3.1859638598433113, 281.5483777381908, 492.49624100653534
132,
55.94516478129515, -3.1859638598433113, SW, 55.94495264926079. -3.186175991877667, 281.5483777381908, 491.24624100653534
131,
55.94495264926079, -3.186175991877667, NW, 55.94516478129515. -3.186388123912023, 281.5483777381908, 489.99624100653534
130,
55.94516478129515, -3.186388123912023, ENE, 55.94527958632486. -3.1861109600522695, 281.5483777381908, 488.74624100653534
129,
55.94527958632486, -3.1861109600522695, ESE, 55.94516478129515. -3.185833796192516, 281.5483777381908, 487.49624100653534
128,
55.94516478129515, -3.185833796192516, E, 55.94516478129515. -3.185533796192516, 281.5483777381908, 486.24624100653534
127,
55.94516478129515, -3.185533796192516, WNW, 55.94527958632486. -3.1858109600522693, 281.5483777381908, 484.99624100653534
126,
55.94527958632486, -3.1858109600522693, SSE, 55.9450024224651. -3.1856961550225598, 281.5483777381908, 483.74624100653534
125,
55.9450024224651, -3.1856961550225598, NW, 55.94521455449946. -3.1859082870569155, 281.5483777381908, 482.49624100653534
124,
55.94521455449946, -3.1859082870569155, W, 55.94521455449946. -3.1862082870569157, 281.5483777381908, 481.24624100653534
123,
55.94521455449946, -3.1862082870569157, SSW, 55.9449373906397. -3.1863230920866252, 281.5483777381908, 479.99624100653534
122,
55.9449373906397, -3.1863230920866252, ENE, 55.94505219566941. -3.186045928226872, 281.5483777381908, 478.74624100653534
121,
55.94505219566941, -3.186045928226872, ESE, 55.9449373906397. -3.1857687643671184, 281.5483777381908, 477.49624100653534
120,
55.9449373906397, -3.1857687643671184, SE, 55.944725258605345. -3.1855566323327626, 281.5483777381908, 476.24624100653534
119,
55.944725258605345, -3.1855566323327626, NNW, 55.9450024224651. -3.185671437362472, 281.5483777381908, 474.99624100653534
118,
55.9450024224651, -3.185671437362472, NW, 55.94521455449946. -3.185883569396828, 281.5483777381908, 473.74624100653534
117,
55.94521455449946, -3.185883569396828, SSW, 55.9449373906397. -3.1859983744265374, 281.5483777381908, 472.49624100653534
116,
55.9449373906397, -3.1859983744265374, W, 55.9449373906397. -3.1862983744265376, 281.5483777381908, 471.24624100653534
115,
55.9449373906397, -3.1862983744265376, SW, 55.944725258605345. -3.1865105064608934, 281.5483777381908, 469.99624100653534
114,
55.944725258605345, -3.1865105064608934, SSW, 55.94444809474559. -3.186625311490603, 281.5483777381908, 468.74624100653534
113,
55.94444809474559, -3.186625311490603, WNW, 55.9445628997753. -3.1869024753503563, 281.5483777381908, 467.49624100653534
112,
55.9445628997753, -3.1869024753503563, SSW, 55.94428573591554. -3.187017280380066, 281.5483777381908, 466.24624100653534
111,
55.94428573591554, -3.187017280380066, NE, 55.9444978679499. -3.18680514834571, 281.5483777381908, 464.99624100653534
110,
55.9444978679499, -3.18680514834571, NW, 55.944709999984255. -3.187017280380066, 281.5483777381908, 463.74624100653534
109,
55.944709999984255, -3.187017280380066, E, 55.944709999984255. -3.1867172803800656, 281.5483777381908, 462.49624100653534
108,
55.944709999984255, -3.1867172803800656, SSW, 55.9444328361245. -3.186832085409775, 281.5483777381908, 461.24624100653534
107,
55.9444328361245, -3.186832085409775, ENE, 55.94454764115421. -3.1865549215500217, 281.5483777381908, 459.99624100653534
106,
55.94454764115421, -3.1865549215500217, SSE, 55.94427047729445. -3.1864401165203122, 281.5483777381908, 458.74624100653534
105,
55.94427047729445, -3.1864401165203122, SE, 55.944058345260096. -3.1862279844859565, 281.5483777381908, 457.49624100653534
104,
55.944058345260096, -3.1862279844859565, SE, 55.94384621322574. -3.1860158524516007, 281.5483777381908, 456.24624100653534
103,
55.94384621322574, -3.1860158524516007, NNE, 55.944123377085496. -3.185901047421891, 281.5483777381908, 454.99624100653534
102,
55.944123377085496, -3.185901047421891, ENE, 55.94423818211521. -3.1856238835621378, 281.5483777381908, 453.74624100653534
101,
55.94423818211521, -3.1856238835621378, S, 55.943938182115204. -3.1856238835621378, 281.5483777381908, 452.49624100653534
100,
55.943938182115204, -3.1856238835621378, SE, 55.94372605008085. -3.185411751527782, 399.34550826840297, 529.3937979563111
99,
55.94372605008085, -3.185411751527782, S, 55.943426050080845. -3.185411751527782, 399.34550826840297, 528.1437979563111
98,
55.943426050080845, -3.185411751527782, ESE, 55.943311245051135. -3.1851345876680286, 399.34550826840297, 526.8937979563111
97,
55.943311245051135, -3.1851345876680286, S, 55.94301124505113. -3.1851345876680286, 399.34550826840297, 525.6437979563111
96,
55.94301124505113, -3.1851345876680286, E, 55.94301124505113. -3.1848345876680284, 504.5284635165913, 610.858699589458
95,
55.94301124505113, -3.1848345876680284, WNW, 55.94312605008084. -3.185111751527782, 504.5284635165913, 609.608699589458
94,
55.94312605008084, -3.185111751527782, NNE, 55.9434032139406. -3.1849969464980723, 504.5284635165913, 608.358699589458
93,
55.9434032139406, -3.1849969464980723, NE, 55.943615345974955. -3.1847848144637165, 504.5284635165913, 607.108699589458
92,
55.943615345974955, -3.1847848144637165, N, 55.94391534597496. -3.1847848144637165, 564.5577532007574, 704.2432220105605
91,
55.94391534597496, -3.1847848144637165, NW, 55.944127478009314. -3.1849969464980723, 564.5577532007574, 702.9932220105605
90,
55.944127478009314, -3.1849969464980723, NE, 55.94433961004367. -3.1847848144637165, 564.5577532007574, 701.7432220105605
89,
55.94433961004367, -3.1847848144637165, S, 55.94403961004367. -3.1847848144637165, 564.5577532007574, 700.4932220105605
88,
55.94403961004367, -3.1847848144637165, S, 55.943739610043664. -3.1847848144637165, 564.5577532007574, 699.2432220105605
87,
55.943739610043664, -3.1847848144637165, ESE, 55.943624805013954. -3.184507650603963, 564.5577532007574, 697.9932220105605
86,
55.943624805013954, -3.184507650603963, S, 55.94332480501395. -3.184507650603963, 564.5577532007574, 696.7432220105605
85,
55.94332480501395, -3.184507650603963, NW, 55.94353693704831. -3.184719782638319, 564.5577532007574, 695.4932220105605
84,
55.94353693704831, -3.184719782638319, SSE, 55.94325977318855. -3.1846049776086094, 564.5577532007574, 694.2432220105605
83,
55.94325977318855, -3.1846049776086094, NNE, 55.94353693704831. -3.1844901725789, 564.5577532007574, 692.9932220105605
82,
55.94353693704831, -3.1844901725789, WSW, 55.9434221320186. -3.1847673364386533, 564.5577532007574, 691.7432220105605
81,
55.9434221320186, -3.1847673364386533, SW, 55.94320999998424. -3.184979468473009, 564.5577532007574, 690.4932220105605
80,
55.94320999998424, -3.184979468473009, SSW, 55.942932836124484. -3.1850942735027186, 564.5577532007574, 689.2432220105605
79,
55.942932836124484, -3.1850942735027186, N, 55.94323283612449. -3.1850942735027186, 564.5577532007574, 687.9932220105605
78,
55.94323283612449, -3.1850942735027186, S, 55.942932836124484. -3.1850942735027186, 564.5577532007574, 686.7432220105605
77,
55.942932836124484, -3.1850942735027186, NW, 55.94314496815884. -3.1853064055370743, 564.5577532007574, 685.4932220105605
76,
55.94314496815884, -3.1853064055370743, SSW, 55.942867804299084. -3.185421210566784, 564.5577532007574, 684.2432220105605
75,
55.942867804299084, -3.185421210566784, SW, 55.94265567226473. -3.1856333426011396, 564.5577532007574, 682.9932220105605
74,
55.94265567226473, -3.1856333426011396, N, 55.94295567226473. -3.1856333426011396, 564.5577532007574, 681.7432220105605
73,
55.94295567226473, -3.1856333426011396, ENE, 55.94307047729444. -3.185356178741386, 564.5577532007574, 680.4932220105605
72,
55.94307047729444, -3.185356178741386, NNW, 55.9433476411542. -3.1854709837710957, 564.5577532007574, 679.2432220105605
71,
55.9433476411542, -3.1854709837710957, N, 55.9436476411542. -3.1854709837710957, 564.5577532007574, 677.9932220105605
70,
55.9436476411542, -3.1854709837710957, WNW, 55.94376244618391. -3.185748147630849, 564.5577532007574, 676.7432220105605
69,
55.94376244618391, -3.185748147630849, WSW, 55.9436476411542. -3.1860253114906025, 564.5577532007574, 675.4932220105605
68,
55.9436476411542, -3.1860253114906025, WNW, 55.94376244618391. -3.186302475350356, 564.5577532007574, 674.2432220105605
67,
55.94376244618391, -3.186302475350356, WSW, 55.9436476411542. -3.1865796392101093, 564.5577532007574, 672.9932220105605
66,
55.9436476411542, -3.1865796392101093, WSW, 55.94353283612449. -3.1868568030698627, 564.5577532007574, 671.7432220105605
65,
55.94353283612449, -3.1868568030698627, NW, 55.943744968158846. -3.1870689351042185, 564.5577532007574, 670.4932220105605
64,
55.943744968158846, -3.1870689351042185, E, 55.943744968158846. -3.1867689351042183, 564.5577532007574, 669.2432220105605
63,
55.943744968158846, -3.1867689351042183, SSW, 55.94346780429909. -3.186883740133928, 564.5577532007574, 667.9932220105605
62,
55.94346780429909, -3.186883740133928, SE, 55.94325567226473. -3.186671608099572, 564.5577532007574, 666.7432220105605
61,
55.94325567226473, -3.186671608099572, SSW, 55.94297850840498. -3.1867864131292816, 619.4119489588197, 680.8677665505828
60,
55.94297850840498, -3.1867864131292816, NW, 55.94319064043933. -3.1869985451636373, 619.4119489588197, 679.6177665505828
59,
55.94319064043933, -3.1869985451636373, SSE, 55.94291347657958. -3.186883740133928, 619.4119489588197, 678.3677665505828
58,
55.94291347657958, -3.186883740133928, W, 55.94291347657958. -3.187183740133928, 619.4119489588197, 677.1177665505828
57,
55.94291347657958, -3.187183740133928, SSW, 55.94263631271982. -3.1872985451636375, 619.4119489588197, 675.8677665505828
56,
55.94263631271982, -3.1872985451636375, N, 55.94293631271982. -3.1872985451636375, 619.4119489588197, 674.6177665505828
55,
55.94293631271982, -3.1872985451636375, SE, 55.94272418068547. -3.1870864131292818, 619.4119489588197, 673.3677665505828
54,
55.94272418068547, -3.1870864131292818, ENE, 55.94283898571518. -3.1868092492695284, 619.4119489588197, 672.1177665505828
53,
55.94283898571518, -3.1868092492695284, NNE, 55.943116149574934. -3.186694444239819, 619.4119489588197, 670.8677665505828
52,
55.943116149574934, -3.186694444239819, SE, 55.94290401754058. -3.186482312205463, 635.9978364917715, 687.4141725827443
51,
55.94290401754058, -3.186482312205463, ENE, 55.94301882257029. -3.1862051483457097, 635.9978364917715, 686.1641725827443
50,
55.94301882257029, -3.1862051483457097, E, 55.94301882257029. -3.1859051483457095, 635.9978364917715, 684.9141725827443
49,
55.94301882257029, -3.1859051483457095, WNW, 55.9431336276. -3.186182312205463, 635.9978364917715, 683.6641725827443
48,
55.9431336276, -3.186182312205463, ENE, 55.94324843262971. -3.1859051483457095, 635.9978364917715, 682.4141725827443
47,
55.94324843262971, -3.1859051483457095, NNE, 55.943525596489465. -3.185790343316, 635.9978364917715, 681.1641725827443
46,
55.943525596489465, -3.185790343316, S, 55.94322559648946. -3.185790343316, 635.9978364917715, 679.9141725827443
45,
55.94322559648946, -3.185790343316, SW, 55.943013464455106. -3.1860024753503557, 635.9978364917715, 678.6641725827443
44,
55.943013464455106, -3.1860024753503557, NE, 55.94322559648946. -3.185790343316, 635.9978364917715, 677.4141725827443
43,
55.94322559648946, -3.185790343316, WNW, 55.94334040151917. -3.1860675071757534, 635.9978364917715, 676.1641725827443
42,
55.94334040151917, -3.1860675071757534, W, 55.94334040151917. -3.1863675071757536, 635.9978364917715, 674.9141725827443
41,
55.94334040151917, -3.1863675071757536, NNW, 55.94361756537893. -3.186482312205463, 635.9978364917715, 673.6641725827443
40,
55.94361756537893, -3.186482312205463, NNE, 55.943894729238686. -3.1863675071757536, 635.9978364917715, 672.4141725827443
39,
55.943894729238686, -3.1863675071757536, SSE, 55.94361756537893. -3.186252702146044, 635.9978364917715, 671.1641725827443
38,
55.94361756537893, -3.186252702146044, SSE, 55.94334040151917. -3.1861378971163345, 635.9978364917715, 669.9141725827443
37,
55.94334040151917, -3.1861378971163345, W, 55.94334040151917. -3.1864378971163347, 635.9978364917715, 668.6641725827443
36,
55.94334040151917, -3.1864378971163347, SW, 55.943128269484816. -3.1866500291506905, 635.9978364917715, 667.4141725827443
35,
55.943128269484816, -3.1866500291506905, SE, 55.94291613745046. -3.1864378971163347, 635.9978364917715, 666.1641725827443
34,
55.94291613745046, -3.1864378971163347, SE, 55.942704005416104. -3.186225765081979, 635.9978364917715, 664.9141725827443
33,
55.942704005416104, -3.186225765081979, NNE, 55.94298116927586. -3.1861109600522695, 635.9978364917715, 663.6641725827443
32,
55.94298116927586, -3.1861109600522695, N, 55.94328116927586. -3.1861109600522695, 635.9978364917715, 662.4141725827443
31,
55.94328116927586, -3.1861109600522695, W, 55.94328116927586. -3.1864109600522696, 635.9978364917715, 661.1641725827443
30,
55.94328116927586, -3.1864109600522696, NW, 55.94349330131022. -3.1866230920866254, 635.9978364917715, 659.9141725827443
29,
55.94349330131022, -3.1866230920866254, WNW, 55.94360810633993. -3.186900255946379, 635.9978364917715, 658.6641725827443
28,
55.94360810633993, -3.186900255946379, SSE, 55.94333094248017. -3.1867854509166693, 635.9978364917715, 657.4141725827443
27,
55.94333094248017, -3.1867854509166693, SSE, 55.94305377862042. -3.18667064588696, 635.9978364917715, 656.1641725827443
26,
55.94305377862042, -3.18667064588696, E, 55.94305377862042. -3.1863706458869596, 635.9978364917715, 654.9141725827443
25,
55.94305377862042, -3.1863706458869596, WSW, 55.94293897359071. -3.186647809746713, 635.9978364917715, 653.6641725827443
24,
55.94293897359071, -3.186647809746713, WSW, 55.942824168560996. -3.1869249736064664, 635.9978364917715, 652.4141725827443
23,
55.942824168560996, -3.1869249736064664, NE, 55.94303630059535. -3.1867128415721107, 635.9978364917715, 651.1641725827443
22,
55.94303630059535, -3.1867128415721107, W, 55.94303630059535. -3.187012841572111, 635.9978364917715, 649.9141725827443
21,
55.94303630059535, -3.187012841572111, SSE, 55.942759136735596. -3.1868980365424013, 635.9978364917715, 648.6641725827443
20,
55.942759136735596, -3.1868980365424013, NNW, 55.94303630059535. -3.187012841572111, 635.9978364917715, 647.4141725827443
19,
55.94303630059535, -3.187012841572111, NNE, 55.94331346445511. -3.1868980365424013, 635.9978364917715, 646.1641725827443
18,
55.94331346445511, -3.1868980365424013, NNE, 55.943590628314865. -3.186783231512692, 635.9978364917715, 644.9141725827443
17,
55.943590628314865, -3.186783231512692, SSE, 55.94331346445511. -3.1866684264829823, 635.9978364917715, 643.6641725827443
16,
55.94331346445511, -3.1866684264829823, W, 55.94331346445511. -3.1869684264829825, 635.9978364917715, 642.4141725827443
15,
55.94331346445511, -3.1869684264829825, WSW, 55.9431986594254. -3.187245590342736, 635.9978364917715, 641.1641725827443
14,
55.9431986594254, -3.187245590342736, NE, 55.943410791459755. -3.18703345830838, 635.9978364917715, 639.9141725827443
13,
55.943410791459755, -3.18703345830838, SW, 55.9431986594254. -3.187245590342736, 635.9978364917715, 638.6641725827443
12,
55.9431986594254, -3.187245590342736, E, 55.9431986594254. -3.1869455903427357, 635.9978364917715, 637.4141725827443
11,
55.9431986594254, -3.1869455903427357, ESE, 55.94308385439569. -3.1866684264829823, 635.9978364917715, 636.1641725827443
10,
55.94308385439569, -3.1866684264829823, N, 55.94338385439569. -3.1866684264829823, 635.9978364917715, 634.9141725827443
9,
55.94338385439569, -3.1866684264829823, ENE, 55.9434986594254. -3.186391262623229, 635.9978364917715, 633.6641725827443
8,
55.9434986594254, -3.186391262623229, ENE, 55.94361346445511. -3.1861140987634755, 635.9978364917715, 632.4141725827443
7,
55.94361346445511, -3.1861140987634755, N, 55.943913464455115. -3.1861140987634755, 635.9978364917715, 631.1641725827443
6,
55.943913464455115, -3.1861140987634755, NE, 55.94412559648947. -3.1859019667291197, 635.9978364917715, 629.9141725827443
5,
55.94412559648947, -3.1859019667291197, ENE, 55.94424040151918. -3.1856248028693663, 635.9978364917715, 628.6641725827443
4,
55.94424040151918, -3.1856248028693663, W, 55.94424040151918. -3.1859248028693665, 635.9978364917715, 627.4141725827443
3,
55.94424040151918, -3.1859248028693665, NE, 55.94445253355354. -3.1857126708350108, 635.9978364917715, 626.1641725827443
2,
55.94445253355354, -3.1857126708350108, S, 55.944152533553535. -3.1857126708350108, 635.9978364917715, 624.9141725827443
1,

