55.944425,-3.188396,WNW,55.94453980502971,-3.1886731638597534,103.28772896582038,343.9940432094566
55.94453980502971,-3.1886731638597534,NE,55.94475193706407,-3.1884610318253976,121.79752998415292,439.70106022618427
55.94475193706407,-3.1884610318253976,E,55.94475193706407,-3.1881610318253975,121.8304156852158,509.8141703629663
55.94475193706407,-3.1881610318253975,ESE,55.94463713203436,-3.187883867965644,126.8243702879797,598.2988834275858
55.94463713203436,-3.187883867965644,N,55.94493713203436,-3.187883867965644,126.8243702879797,597.0488834275858
55.94493713203436,-3.187883867965644,N,55.945237132034364,-3.187883867965644,126.8243702879797,595.7988834275858
55.945237132034364,-3.187883867965644,N,55.94553713203437,-3.187883867965644,214.35351008397868,612.7072239188442
55.94553713203437,-3.187883867965644,N,55.94583713203437,-3.187883867965644,244.18148181662758,663.8244968402782
55.94583713203437,-3.187883867965644,WSW,55.94572232700466,-3.1881610318253975,244.18148181662758,662.5744968402782
55.94572232700466,-3.1881610318253975,W,55.94572232700466,-3.1884610318253976,319.0435706243693,719.0736050864084
55.94572232700466,-3.1884610318253976,WNW,55.94583713203437,-3.188738195685151,372.7323527777401,729.258795887581
55.94583713203437,-3.188738195685151,SSW,55.945559968174614,-3.1888530007148606,372.7323527777401,728.008795887581
55.945559968174614,-3.1888530007148606,SW,55.94534783614026,-3.1890651327492163,418.76847231685076,727.1946336378952
55.94534783614026,-3.1890651327492163,SW,55.9451357041059,-3.189277264783572,418.76847231685076,725.9446336378952
55.9451357041059,-3.189277264783572,WSW,55.94502089907619,-3.1895544286433255,418.76847231685076,724.6946336378952
55.94502089907619,-3.1895544286433255,SW,55.944808767041835,-3.1897665606776813,418.76847231685076,723.4446336378952
55.944808767041835,-3.1897665606776813,WSW,55.944693962012124,-3.1900437245374347,517.23804013637,728.1943394623108
55.944693962012124,-3.1900437245374347,WNW,55.944808767041835,-3.190320888397188,517.23804013637,726.9443394623108
55.944808767041835,-3.190320888397188,WNW,55.944923572071545,-3.1905980522569415,517.23804013637,725.6943394623108
55.944923572071545,-3.1905980522569415,W,55.944923572071545,-3.1908980522569417,556.7620557958197,784.7181000272346
55.944923572071545,-3.1908980522569417,S,55.94462357207154,-3.1908980522569417,556.7620557958197,783.4681000272346
55.94462357207154,-3.1908980522569417,S,55.94432357207154,-3.1908980522569417,556.7620557958197,782.2181000272346
55.94432357207154,-3.1908980522569417,S,55.944023572071536,-3.1908980522569417,678.2114391800894,827.013446291871
55.944023572071536,-3.1908980522569417,SE,55.94381144003718,-3.190685920222586,678.2114391800894,825.763446291871
55.94381144003718,-3.190685920222586,SE,55.943599308002824,-3.19047378818823,678.2114391800894,824.513446291871
55.943599308002824,-3.19047378818823,SSE,55.94332214414307,-3.1903589831585206,678.2114391800894,823.263446291871
55.94332214414307,-3.1903589831585206,SE,55.94311001210871,-3.190146851124165,752.2791554795759,944.7112473137897
55.94311001210871,-3.190146851124165,ENE,55.94322481713842,-3.1898696872644114,815.4470255358161,965.5784888185539
55.94322481713842,-3.1898696872644114,SE,55.943012685104065,-3.1896575552300557,854.2339542556832,1052.2557331945566
55.943012685104065,-3.1896575552300557,E,55.943012685104065,-3.1893575552300555,854.2339542556832,1051.0057331945566
55.943012685104065,-3.1893575552300555,E,55.943012685104065,-3.1890575552300553,854.2339542556832,1049.7557331945566
55.943012685104065,-3.1890575552300553,ENE,55.943127490133776,-3.188780391370302,962.07894593718,1135.985012587389
55.943127490133776,-3.188780391370302,N,55.94342749013378,-3.188780391370302,962.07894593718,1134.735012587389
55.94342749013378,-3.188780391370302,NNW,55.943704653993535,-3.1888951964000114,1010.4628347273822,1192.0578711529138
55.943704653993535,-3.1888951964000114,E,55.943704653993535,-3.188595196400011,1010.4628347273822,1190.8078711529138
55.943704653993535,-3.188595196400011,SE,55.94349252195918,-3.1883830643656554,1010.4628347273822,1189.5578711529138
55.94349252195918,-3.1883830643656554,E,55.94349252195918,-3.1880830643656553,1069.5586471845618,1285.7318209851787
55.94349252195918,-3.1880830643656553,ESE,55.94337771692947,-3.187805900505902,1069.5586471845618,1284.4818209851787
55.94337771692947,-3.187805900505902,SE,55.94316558489511,-3.187593768471546,1095.0292300877918,1360.4674671096286
55.94316558489511,-3.187593768471546,E,55.94316558489511,-3.187293768471546,1095.0292300877918,1359.2174671096286
55.94316558489511,-3.187293768471546,E,55.94316558489511,-3.1869937684715457,1181.4877848018903,1439.500762561224
55.94316558489511,-3.1869937684715457,N,55.943465584895115,-3.1869937684715457,1181.4877848018903,1438.250762561224
55.943465584895115,-3.1869937684715457,N,55.94376558489512,-3.1869937684715457,1228.114216028053,1494.282780673252
55.94376558489512,-3.1869937684715457,NNE,55.944042748754875,-3.186878963441836,1228.114216028053,1493.032780673252
55.944042748754875,-3.186878963441836,NE,55.94425488078923,-3.1866668314074804,1228.114216028053,1491.782780673252
55.94425488078923,-3.1866668314074804,N,55.944554880789234,-3.1866668314074804,1228.114216028053,1490.532780673252
55.944554880789234,-3.1866668314074804,NE,55.94476701282359,-3.1864546993731246,1228.114216028053,1489.282780673252
55.94476701282359,-3.1864546993731246,NE,55.944979144857946,-3.186242567338769,1228.114216028053,1488.032780673252
55.944979144857946,-3.186242567338769,NE,55.9451912768923,-3.186030435304413,1228.114216028053,1486.782780673252
55.9451912768923,-3.186030435304413,NNE,55.94546844075206,-3.1859156302747036,1290.4507825276755,1511.2792460784688
55.94546844075206,-3.1859156302747036,WNW,55.94558324578177,-3.186192794134457,1334.0526529542794,1568.6125764984934
55.94558324578177,-3.186192794134457,SE,55.94537111374741,-3.1859806621001012,1334.0526529542794,1567.3625764984934
55.94537111374741,-3.1859806621001012,ESE,55.9452563087177,-3.185703498240348,1334.0526529542794,1566.1125764984934
55.9452563087177,-3.185703498240348,SE,55.945044176683346,-3.185491366205992,1399.3779835320054,1661.4413772329194
55.945044176683346,-3.185491366205992,SSE,55.94476701282359,-3.1853765611762825,1399.3779835320054,1660.1913772329194
55.94476701282359,-3.1853765611762825,SE,55.944554880789234,-3.1851644291419268,1399.3779835320054,1658.9413772329194
55.944554880789234,-3.1851644291419268,S,55.94425488078923,-3.1851644291419268,1399.3779835320054,1657.6913772329194
55.94425488078923,-3.1851644291419268,SSW,55.943977716929474,-3.1852792341716363,1399.3779835320054,1656.4413772329194
55.943977716929474,-3.1852792341716363,NNE,55.94425488078923,-3.1851644291419268,1399.3779835320054,1655.1913772329194
55.94425488078923,-3.1851644291419268,SSW,55.943977716929474,-3.1852792341716363,1399.3779835320054,1653.9413772329194
55.943977716929474,-3.1852792341716363,NNE,55.94425488078923,-3.1851644291419268,1399.3779835320054,1652.6913772329194
55.94425488078923,-3.1851644291419268,NW,55.94446701282359,-3.1853765611762825,1399.3779835320054,1651.4413772329194
55.94446701282359,-3.1853765611762825,SE,55.94425488078923,-3.1851644291419268,1399.3779835320054,1650.1913772329194
55.94425488078923,-3.1851644291419268,SW,55.944042748754875,-3.1853765611762825,1399.3779835320054,1648.9413772329194
55.944042748754875,-3.1853765611762825,SSW,55.94376558489512,-3.185491366205992,1399.3779835320054,1647.6913772329194
55.94376558489512,-3.185491366205992,NNW,55.944042748754875,-3.1856061712357016,1399.3779835320054,1646.4413772329194
55.944042748754875,-3.1856061712357016,ESE,55.943927943725164,-3.185329007375948,1399.3779835320054,1645.1913772329194
55.943927943725164,-3.185329007375948,SW,55.94371581169081,-3.185541139410304,1399.3779835320054,1643.9413772329194
55.94371581169081,-3.185541139410304,SSE,55.94343864783105,-3.1854263343805944,1399.3779835320054,1642.6913772329194
55.94343864783105,-3.1854263343805944,ESE,55.94332384280134,-3.185149170520841,1399.3779835320054,1641.4413772329194
55.94332384280134,-3.185149170520841,ESE,55.94320903777163,-3.1848720066610876,1399.3779835320054,1640.1913772329194
55.94320903777163,-3.1848720066610876,ESE,55.94309423274192,-3.184594842801334,1399.3779835320054,1638.9413772329194
55.94309423274192,-3.184594842801334,W,55.94309423274192,-3.1848948428013344,1399.3779835320054,1637.6913772329194
55.94309423274192,-3.1848948428013344,E,55.94309423274192,-3.184594842801334,1399.3779835320054,1636.4413772329194
55.94309423274192,-3.184594842801334,WSW,55.94297942771221,-3.1848720066610876,1399.3779835320054,1635.1913772329194
55.94297942771221,-3.1848720066610876,E,55.94297942771221,-3.1845720066610874,1416.7434779152761,1695.3658746903204
55.94297942771221,-3.1845720066610874,SE,55.942767295677854,-3.1843598746267316,1416.7434779152761,1694.1158746903204
55.942767295677854,-3.1843598746267316,W,55.942767295677854,-3.184659874626732,1416.7434779152761,1692.8658746903204
55.942767295677854,-3.184659874626732,W,55.942767295677854,-3.184959874626732,1416.7434779152761,1691.6158746903204
55.942767295677854,-3.184959874626732,W,55.942767295677854,-3.185259874626732,1416.7434779152761,1690.3658746903204
55.942767295677854,-3.185259874626732,W,55.942767295677854,-3.1855598746267324,1416.7434779152761,1689.1158746903204
55.942767295677854,-3.1855598746267324,ENE,55.942882100707564,-3.185282710766979,1416.7434779152761,1687.8658746903204
55.942882100707564,-3.185282710766979,WSW,55.942767295677854,-3.1855598746267324,1416.7434779152761,1686.6158746903204
55.942767295677854,-3.1855598746267324,ENE,55.942882100707564,-3.185282710766979,1416.7434779152761,1685.3658746903204
55.942882100707564,-3.185282710766979,WSW,55.942767295677854,-3.1855598746267324,1416.7434779152761,1684.1158746903204
55.942767295677854,-3.1855598746267324,E,55.942767295677854,-3.185259874626732,1416.7434779152761,1682.8658746903204
55.942767295677854,-3.185259874626732,NE,55.94297942771221,-3.1850477425923764,1416.7434779152761,1681.6158746903204
55.94297942771221,-3.1850477425923764,ESE,55.9428646226825,-3.184770578732623,1416.7434779152761,1680.3658746903204
55.9428646226825,-3.184770578732623,WNW,55.94297942771221,-3.1850477425923764,1416.7434779152761,1679.1158746903204
55.94297942771221,-3.1850477425923764,NW,55.943191559746566,-3.185259874626732,1416.7434779152761,1677.8658746903204
55.943191559746566,-3.185259874626732,NW,55.94340369178092,-3.185472006661088,1416.7434779152761,1676.6158746903204
55.94340369178092,-3.185472006661088,ESE,55.94328888675121,-3.1851948428013346,1416.7434779152761,1675.3658746903204
55.94328888675121,-3.1851948428013346,E,55.94328888675121,-3.1848948428013344,1431.2924058432209,1722.4968620550171
55.94328888675121,-3.1848948428013344,SSE,55.943011722891455,-3.184780037771625,1431.2924058432209,1721.2468620550171
55.943011722891455,-3.184780037771625,N,55.94331172289146,-3.184780037771625,1482.0375517343302,1829.6854814013432
55.94331172289146,-3.184780037771625,N,55.94361172289146,-3.184780037771625,1482.0375517343302,1828.4354814013432
55.94361172289146,-3.184780037771625,N,55.943911722891464,-3.184780037771625,1482.0375517343302,1827.1854814013432
55.943911722891464,-3.184780037771625,NE,55.94412385492582,-3.184567905737269,1482.0375517343302,1825.9354814013432
55.94412385492582,-3.184567905737269,SW,55.943911722891464,-3.184780037771625,1482.0375517343302,1824.6854814013432
55.943911722891464,-3.184780037771625,NE,55.94412385492582,-3.184567905737269,1482.0375517343302,1823.4354814013432
55.94412385492582,-3.184567905737269,SW,55.943911722891464,-3.184780037771625,1482.0375517343302,1822.1854814013432
55.943911722891464,-3.184780037771625,SE,55.94369959085711,-3.184567905737269,1482.0375517343302,1820.9354814013432
55.94369959085711,-3.184567905737269,NW,55.943911722891464,-3.184780037771625,1482.0375517343302,1819.6854814013432
55.943911722891464,-3.184780037771625,NE,55.94412385492582,-3.184567905737269,1482.0375517343302,1818.4354814013432
55.94412385492582,-3.184567905737269,SW,55.943911722891464,-3.184780037771625,1482.0375517343302,1817.1854814013432
55.943911722891464,-3.184780037771625,E,55.943911722891464,-3.1844800377716247,1482.0375517343302,1815.9354814013432
55.943911722891464,-3.1844800377716247,W,55.943911722891464,-3.184780037771625,1482.0375517343302,1814.6854814013432
55.943911722891464,-3.184780037771625,NE,55.94412385492582,-3.184567905737269,1482.0375517343302,1813.4354814013432
55.94412385492582,-3.184567905737269,SW,55.943911722891464,-3.184780037771625,1482.0375517343302,1812.1854814013432
55.943911722891464,-3.184780037771625,ESE,55.943796917861754,-3.1845028739118715,1482.0375517343302,1810.9354814013432
55.943796917861754,-3.1845028739118715,NW,55.94400904989611,-3.1847150059462273,1482.0375517343302,1809.6854814013432
55.94400904989611,-3.1847150059462273,SW,55.943796917861754,-3.184927137980583,1482.0375517343302,1808.4354814013432
55.943796917861754,-3.184927137980583,NE,55.94400904989611,-3.1847150059462273,1482.0375517343302,1807.1854814013432
55.94400904989611,-3.1847150059462273,SW,55.943796917861754,-3.184927137980583,1482.0375517343302,1805.9354814013432
55.943796917861754,-3.184927137980583,NE,55.94400904989611,-3.1847150059462273,1482.0375517343302,1804.6854814013432
55.94400904989611,-3.1847150059462273,NE,55.944221181930466,-3.1845028739118715,1482.0375517343302,1803.4354814013432
55.944221181930466,-3.1845028739118715,SW,55.94400904989611,-3.1847150059462273,1482.0375517343302,1802.1854814013432
55.94400904989611,-3.1847150059462273,SW,55.943796917861754,-3.184927137980583,1482.0375517343302,1800.9354814013432
55.943796917861754,-3.184927137980583,NE,55.94400904989611,-3.1847150059462273,1482.0375517343302,1799.6854814013432
55.94400904989611,-3.1847150059462273,S,55.94370904989611,-3.1847150059462273,1482.0375517343302,1798.4354814013432
55.94370904989611,-3.1847150059462273,N,55.94400904989611,-3.1847150059462273,1482.0375517343302,1797.1854814013432
55.94400904989611,-3.1847150059462273,SW,55.943796917861754,-3.184927137980583,1482.0375517343302,1795.9354814013432
55.943796917861754,-3.184927137980583,NE,55.94400904989611,-3.1847150059462273,1482.0375517343302,1794.6854814013432
55.94400904989611,-3.1847150059462273,SE,55.943796917861754,-3.1845028739118715,1482.0375517343302,1793.4354814013432
55.943796917861754,-3.1845028739118715,NW,55.94400904989611,-3.1847150059462273,1482.0375517343302,1792.1854814013432
55.94400904989611,-3.1847150059462273,SW,55.943796917861754,-3.184927137980583,1482.0375517343302,1790.9354814013432
55.943796917861754,-3.184927137980583,NE,55.94400904989611,-3.1847150059462273,1482.0375517343302,1789.6854814013432
55.94400904989611,-3.1847150059462273,S,55.94370904989611,-3.1847150059462273,1482.0375517343302,1788.4354814013432
55.94370904989611,-3.1847150059462273,N,55.94400904989611,-3.1847150059462273,1482.0375517343302,1787.1854814013432
55.94400904989611,-3.1847150059462273,SW,55.943796917861754,-3.184927137980583,1482.0375517343302,1785.9354814013432
55.943796917861754,-3.184927137980583,NE,55.94400904989611,-3.1847150059462273,1482.0375517343302,1784.6854814013432
55.94400904989611,-3.1847150059462273,E,55.94400904989611,-3.184415005946227,1482.0375517343302,1783.4354814013432
55.94400904989611,-3.184415005946227,W,55.94400904989611,-3.1847150059462273,1482.0375517343302,1782.1854814013432
55.94400904989611,-3.1847150059462273,SW,55.943796917861754,-3.184927137980583,1482.0375517343302,1780.9354814013432
55.943796917861754,-3.184927137980583,NE,55.94400904989611,-3.1847150059462273,1482.0375517343302,1779.6854814013432
55.94400904989611,-3.1847150059462273,E,55.94400904989611,-3.184415005946227,1482.0375517343302,1778.4354814013432
55.94400904989611,-3.184415005946227,W,55.94400904989611,-3.1847150059462273,1482.0375517343302,1777.1854814013432
55.94400904989611,-3.1847150059462273,SW,55.943796917861754,-3.184927137980583,1482.0375517343302,1775.9354814013432
55.943796917861754,-3.184927137980583,NE,55.94400904989611,-3.1847150059462273,1482.0375517343302,1774.6854814013432
55.94400904989611,-3.1847150059462273,SW,55.943796917861754,-3.184927137980583,1482.0375517343302,1773.4354814013432
55.943796917861754,-3.184927137980583,NE,55.94400904989611,-3.1847150059462273,1482.0375517343302,1772.1854814013432
55.94400904989611,-3.1847150059462273,ESE,55.9438942448664,-3.184437842086474,1482.0375517343302,1770.9354814013432
55.9438942448664,-3.184437842086474,WNW,55.94400904989611,-3.1847150059462273,1482.0375517343302,1769.6854814013432
55.94400904989611,-3.1847150059462273,SW,55.943796917861754,-3.184927137980583,1482.0375517343302,1768.4354814013432
55.943796917861754,-3.184927137980583,NE,55.94400904989611,-3.1847150059462273,1482.0375517343302,1767.1854814013432
55.94400904989611,-3.1847150059462273,ESE,55.9438942448664,-3.184437842086474,1482.0375517343302,1765.9354814013432
55.9438942448664,-3.184437842086474,WNW,55.94400904989611,-3.1847150059462273,1482.0375517343302,1764.6854814013432
55.94400904989611,-3.1847150059462273,SW,55.943796917861754,-3.184927137980583,1482.0375517343302,1763.4354814013432
55.943796917861754,-3.184927137980583,NE,55.94400904989611,-3.1847150059462273,1482.0375517343302,1762.1854814013432
55.94400904989611,-3.1847150059462273,NE,55.944221181930466,-3.1845028739118715,1482.0375517343302,1760.9354814013432
55.944221181930466,-3.1845028739118715,SW,55.94400904989611,-3.1847150059462273,1482.0375517343302,1759.6854814013432
55.94400904989611,-3.1847150059462273,SW,55.943796917861754,-3.184927137980583,1482.0375517343302,1758.4354814013432
55.943796917861754,-3.184927137980583,NE,55.94400904989611,-3.1847150059462273,1482.0375517343302,1757.1854814013432
55.94400904989611,-3.1847150059462273,SW,55.943796917861754,-3.184927137980583,1482.0375517343302,1755.9354814013432
55.943796917861754,-3.184927137980583,NE,55.94400904989611,-3.1847150059462273,1482.0375517343302,1754.6854814013432
55.94400904989611,-3.1847150059462273,SE,55.943796917861754,-3.1845028739118715,1482.0375517343302,1753.4354814013432
55.943796917861754,-3.1845028739118715,NW,55.94400904989611,-3.1847150059462273,1482.0375517343302,1752.1854814013432
55.94400904989611,-3.1847150059462273,SW,55.943796917861754,-3.184927137980583,1482.0375517343302,1750.9354814013432
55.943796917861754,-3.184927137980583,NE,55.94400904989611,-3.1847150059462273,1482.0375517343302,1749.6854814013432
55.94400904989611,-3.1847150059462273,ESE,55.9438942448664,-3.184437842086474,1482.0375517343302,1748.4354814013432
55.9438942448664,-3.184437842086474,WNW,55.94400904989611,-3.1847150059462273,1482.0375517343302,1747.1854814013432
55.94400904989611,-3.1847150059462273,SW,55.943796917861754,-3.184927137980583,1482.0375517343302,1745.9354814013432
55.943796917861754,-3.184927137980583,NE,55.94400904989611,-3.1847150059462273,1482.0375517343302,1744.6854814013432
55.94400904989611,-3.1847150059462273,ENE,55.94412385492582,-3.184437842086474,1482.0375517343302,1743.4354814013432
55.94412385492582,-3.184437842086474,WSW,55.94400904989611,-3.1847150059462273,1482.0375517343302,1742.1854814013432
55.94400904989611,-3.1847150059462273,SW,55.943796917861754,-3.184927137980583,1482.0375517343302,1740.9354814013432
55.943796917861754,-3.184927137980583,NE,55.94400904989611,-3.1847150059462273,1482.0375517343302,1739.6854814013432
55.94400904989611,-3.1847150059462273,S,55.94370904989611,-3.1847150059462273,1482.0375517343302,1738.4354814013432
55.94370904989611,-3.1847150059462273,N,55.94400904989611,-3.1847150059462273,1482.0375517343302,1737.1854814013432
55.94400904989611,-3.1847150059462273,SW,55.943796917861754,-3.184927137980583,1482.0375517343302,1735.9354814013432
55.943796917861754,-3.184927137980583,NE,55.94400904989611,-3.1847150059462273,1482.0375517343302,1734.6854814013432
55.94400904989611,-3.1847150059462273,E,55.94400904989611,-3.184415005946227,1482.0375517343302,1733.4354814013432
55.94400904989611,-3.184415005946227,W,55.94400904989611,-3.1847150059462273,1482.0375517343302,1732.1854814013432
55.94400904989611,-3.1847150059462273,SW,55.943796917861754,-3.184927137980583,1482.0375517343302,1730.9354814013432
55.943796917861754,-3.184927137980583,NE,55.94400904989611,-3.1847150059462273,1482.0375517343302,1729.6854814013432
55.94400904989611,-3.1847150059462273,SW,55.943796917861754,-3.184927137980583,1482.0375517343302,1728.4354814013432
55.943796917861754,-3.184927137980583,NE,55.94400904989611,-3.1847150059462273,1482.0375517343302,1727.1854814013432
55.94400904989611,-3.1847150059462273,E,55.94400904989611,-3.184415005946227,1482.0375517343302,1725.9354814013432
55.94400904989611,-3.184415005946227,W,55.94400904989611,-3.1847150059462273,1482.0375517343302,1724.6854814013432
55.94400904989611,-3.1847150059462273,SW,55.943796917861754,-3.184927137980583,1482.0375517343302,1723.4354814013432
55.943796917861754,-3.184927137980583,NE,55.94400904989611,-3.1847150059462273,1482.0375517343302,1722.1854814013432
55.94400904989611,-3.1847150059462273,ESE,55.9438942448664,-3.184437842086474,1482.0375517343302,1720.9354814013432
55.9438942448664,-3.184437842086474,WNW,55.94400904989611,-3.1847150059462273,1482.0375517343302,1719.6854814013432
55.94400904989611,-3.1847150059462273,SW,55.943796917861754,-3.184927137980583,1482.0375517343302,1718.4354814013432
55.943796917861754,-3.184927137980583,NE,55.94400904989611,-3.1847150059462273,1482.0375517343302,1717.1854814013432
55.94400904989611,-3.1847150059462273,SSW,55.94373188603635,-3.1848298109759368,1482.0375517343302,1715.9354814013432
55.94373188603635,-3.1848298109759368,NNE,55.94400904989611,-3.1847150059462273,1482.0375517343302,1714.6854814013432
55.94400904989611,-3.1847150059462273,SW,55.943796917861754,-3.184927137980583,1482.0375517343302,1713.4354814013432
55.943796917861754,-3.184927137980583,NE,55.94400904989611,-3.1847150059462273,1482.0375517343302,1712.1854814013432
55.94400904989611,-3.1847150059462273,SSE,55.94373188603635,-3.1846002009165177,1482.0375517343302,1710.9354814013432
55.94373188603635,-3.1846002009165177,NNW,55.94400904989611,-3.1847150059462273,1482.0375517343302,1709.6854814013432
55.94400904989611,-3.1847150059462273,SW,55.943796917861754,-3.184927137980583,1482.0375517343302,1708.4354814013432
55.943796917861754,-3.184927137980583,NE,55.94400904989611,-3.1847150059462273,1482.0375517343302,1707.1854814013432
55.94400904989611,-3.1847150059462273,SSE,55.94373188603635,-3.1846002009165177,1482.0375517343302,1705.9354814013432
55.94373188603635,-3.1846002009165177,NNW,55.94400904989611,-3.1847150059462273,1482.0375517343302,1704.6854814013432
55.94400904989611,-3.1847150059462273,SW,55.943796917861754,-3.184927137980583,1482.0375517343302,1703.4354814013432
55.943796917861754,-3.184927137980583,NE,55.94400904989611,-3.1847150059462273,1482.0375517343302,1702.1854814013432
55.94400904989611,-3.1847150059462273,NE,55.944221181930466,-3.1845028739118715,1482.0375517343302,1700.9354814013432
55.944221181930466,-3.1845028739118715,SW,55.94400904989611,-3.1847150059462273,1482.0375517343302,1699.6854814013432
55.94400904989611,-3.1847150059462273,SW,55.943796917861754,-3.184927137980583,1482.0375517343302,1698.4354814013432
55.943796917861754,-3.184927137980583,NE,55.94400904989611,-3.1847150059462273,1482.0375517343302,1697.1854814013432
55.94400904989611,-3.1847150059462273,ENE,55.94412385492582,-3.184437842086474,1482.0375517343302,1695.9354814013432
55.94412385492582,-3.184437842086474,WSW,55.94400904989611,-3.1847150059462273,1482.0375517343302,1694.6854814013432
55.94400904989611,-3.1847150059462273,SW,55.943796917861754,-3.184927137980583,1482.0375517343302,1693.4354814013432
55.943796917861754,-3.184927137980583,NE,55.94400904989611,-3.1847150059462273,1482.0375517343302,1692.1854814013432
55.94400904989611,-3.1847150059462273,SE,55.943796917861754,-3.1845028739118715,1482.0375517343302,1690.9354814013432
55.943796917861754,-3.1845028739118715,NW,55.94400904989611,-3.1847150059462273,1482.0375517343302,1689.6854814013432
55.94400904989611,-3.1847150059462273,SW,55.943796917861754,-3.184927137980583,1482.0375517343302,1688.4354814013432
55.943796917861754,-3.184927137980583,NE,55.94400904989611,-3.1847150059462273,1482.0375517343302,1687.1854814013432
55.94400904989611,-3.1847150059462273,E,55.94400904989611,-3.184415005946227,1482.0375517343302,1685.9354814013432
55.94400904989611,-3.184415005946227,W,55.94400904989611,-3.1847150059462273,1482.0375517343302,1684.6854814013432
55.94400904989611,-3.1847150059462273,SW,55.943796917861754,-3.184927137980583,1482.0375517343302,1683.4354814013432
55.943796917861754,-3.184927137980583,NE,55.94400904989611,-3.1847150059462273,1482.0375517343302,1682.1854814013432
55.94400904989611,-3.1847150059462273,ENE,55.94412385492582,-3.184437842086474,1482.0375517343302,1680.9354814013432
55.94412385492582,-3.184437842086474,WSW,55.94400904989611,-3.1847150059462273,1482.0375517343302,1679.6854814013432
55.94400904989611,-3.1847150059462273,SW,55.943796917861754,-3.184927137980583,1482.0375517343302,1678.4354814013432
55.943796917861754,-3.184927137980583,NE,55.94400904989611,-3.1847150059462273,1482.0375517343302,1677.1854814013432
55.94400904989611,-3.1847150059462273,S,55.94370904989611,-3.1847150059462273,1482.0375517343302,1675.9354814013432
55.94370904989611,-3.1847150059462273,N,55.94400904989611,-3.1847150059462273,1482.0375517343302,1674.6854814013432
55.94400904989611,-3.1847150059462273,SW,55.943796917861754,-3.184927137980583,1482.0375517343302,1673.4354814013432
55.943796917861754,-3.184927137980583,NE,55.94400904989611,-3.1847150059462273,1482.0375517343302,1672.1854814013432
55.94400904989611,-3.1847150059462273,ENE,55.94412385492582,-3.184437842086474,1482.0375517343302,1670.9354814013432
55.94412385492582,-3.184437842086474,WSW,55.94400904989611,-3.1847150059462273,1482.0375517343302,1669.6854814013432
55.94400904989611,-3.1847150059462273,SW,55.943796917861754,-3.184927137980583,1482.0375517343302,1668.4354814013432
55.943796917861754,-3.184927137980583,NE,55.94400904989611,-3.1847150059462273,1482.0375517343302,1667.1854814013432
55.94400904989611,-3.1847150059462273,S,55.94370904989611,-3.1847150059462273,1482.0375517343302,1665.9354814013432
55.94370904989611,-3.1847150059462273,N,55.94400904989611,-3.1847150059462273,1482.0375517343302,1664.6854814013432
55.94400904989611,-3.1847150059462273,SW,55.943796917861754,-3.184927137980583,1482.0375517343302,1663.4354814013432
55.943796917861754,-3.184927137980583,NE,55.94400904989611,-3.1847150059462273,1482.0375517343302,1662.1854814013432
55.94400904989611,-3.1847150059462273,ESE,55.9438942448664,-3.184437842086474,1482.0375517343302,1660.9354814013432
55.9438942448664,-3.184437842086474,WNW,55.94400904989611,-3.1847150059462273,1482.0375517343302,1659.6854814013432
55.94400904989611,-3.1847150059462273,SW,55.943796917861754,-3.184927137980583,1482.0375517343302,1658.4354814013432
55.943796917861754,-3.184927137980583,NE,55.94400904989611,-3.1847150059462273,1482.0375517343302,1657.1854814013432
55.94400904989611,-3.1847150059462273,S,55.94370904989611,-3.1847150059462273,1482.0375517343302,1655.9354814013432
55.94370904989611,-3.1847150059462273,N,55.94400904989611,-3.1847150059462273,1482.0375517343302,1654.6854814013432
55.94400904989611,-3.1847150059462273,SW,55.943796917861754,-3.184927137980583,1482.0375517343302,1653.4354814013432
55.943796917861754,-3.184927137980583,NE,55.94400904989611,-3.1847150059462273,1482.0375517343302,1652.1854814013432
55.94400904989611,-3.1847150059462273,ESE,55.9438942448664,-3.184437842086474,1482.0375517343302,1650.9354814013432
55.9438942448664,-3.184437842086474,WNW,55.94400904989611,-3.1847150059462273,1482.0375517343302,1649.6854814013432
55.94400904989611,-3.1847150059462273,SW,55.943796917861754,-3.184927137980583,1482.0375517343302,1648.4354814013432
55.943796917861754,-3.184927137980583,NE,55.94400904989611,-3.1847150059462273,1482.0375517343302,1647.1854814013432
55.94400904989611,-3.1847150059462273,SSE,55.94373188603635,-3.1846002009165177,1482.0375517343302,1645.9354814013432
55.94373188603635,-3.1846002009165177,NNW,55.94400904989611,-3.1847150059462273,1482.0375517343302,1644.6854814013432
55.94400904989611,-3.1847150059462273,SW,55.943796917861754,-3.184927137980583,1482.0375517343302,1643.4354814013432
55.943796917861754,-3.184927137980583,NE,55.94400904989611,-3.1847150059462273,1482.0375517343302,1642.1854814013432
55.94400904989611,-3.1847150059462273,S,55.94370904989611,-3.1847150059462273,1482.0375517343302,1640.9354814013432
55.94370904989611,-3.1847150059462273,N,55.94400904989611,-3.1847150059462273,1482.0375517343302,1639.6854814013432
55.94400904989611,-3.1847150059462273,SW,55.943796917861754,-3.184927137980583,1482.0375517343302,1638.4354814013432
55.943796917861754,-3.184927137980583,NE,55.94400904989611,-3.1847150059462273,1482.0375517343302,1637.1854814013432
55.94400904989611,-3.1847150059462273,SE,55.943796917861754,-3.1845028739118715,1482.0375517343302,1635.9354814013432