55.944425,-3.188396,S,55.944125,-3.188396,50.62360691364627,372.46473748024835
55.944125,-3.188396,SE,55.94391286796564,-3.1881838679656442,50.62360691364627,371.21473748024835
55.94391286796564,-3.1881838679656442,E,55.94391286796564,-3.187883867965644,119.30212079190261,400.9868151311893
55.94391286796564,-3.187883867965644,SW,55.94370073593129,-3.188096,119.30212079190261,399.7368151311893
55.94370073593129,-3.188096,SW,55.94348860389693,-3.1883081320343556,152.6677267163643,462.5314367027088
55.94348860389693,-3.1883081320343556,WNW,55.94360340892664,-3.188585295894109,152.6677267163643,461.2814367027088
55.94360340892664,-3.188585295894109,WNW,55.94371821395635,-3.1888624597538624,152.6677267163643,460.0314367027088
55.94371821395635,-3.1888624597538624,WNW,55.94383301898606,-3.189139623613616,152.6677267163643,458.7814367027088
55.94383301898606,-3.189139623613616,WNW,55.94394782401577,-3.189416787473369,152.6677267163643,457.5314367027088
55.94394782401577,-3.189416787473369,WNW,55.94406262904548,-3.1896939513331226,277.3250183540943,519.3872592240384
55.94406262904548,-3.1896939513331226,SSW,55.94378546518573,-3.189808756362832,288.84636941883525,603.6682092535127
55.94378546518573,-3.189808756362832,WNW,55.94390027021544,-3.1900859202225855,327.2652720126157,669.4469146856238
55.94390027021544,-3.1900859202225855,NNW,55.94417743407519,-3.190200725252295,327.2652720126157,668.1969146856238
55.94417743407519,-3.190200725252295,NNW,55.94445459793495,-3.1903155302820045,327.2652720126157,666.9469146856238
55.94445459793495,-3.1903155302820045,NNW,55.944731761794706,-3.190430335311714,327.2652720126157,665.6969146856238
55.944731761794706,-3.190430335311714,NW,55.94494389382906,-3.19064246734607,439.1790245981217,781.8050766689615
55.94494389382906,-3.19064246734607,W,55.94494389382906,-3.19094246734607,531.7974954991754,813.0104939410284
55.94494389382906,-3.19094246734607,ENE,55.94505869885877,-3.1906653034863166,531.7974954991754,811.7604939410284
55.94505869885877,-3.1906653034863166,E,55.94505869885877,-3.1903653034863164,638.4643750610497,875.5792411426378
55.94505869885877,-3.1903653034863164,NE,55.94527083089313,-3.1901531714519606,638.4643750610497,874.3292411426378
55.94527083089313,-3.1901531714519606,NNE,55.945547994752886,-3.190038366422251,638.4643750610497,873.0792411426378
55.945547994752886,-3.190038366422251,NE,55.94576012678724,-3.1898262343878954,638.4643750610497,871.8292411426378
55.94576012678724,-3.1898262343878954,NNE,55.946037290647,-3.189711429358186,684.3579361560812,911.7773036519472
55.946037290647,-3.189711429358186,E,55.946037290647,-3.1894114293581857,684.3579361560812,910.5273036519472
55.946037290647,-3.1894114293581857,ESE,55.94592248561729,-3.1891342654984323,684.3579361560812,909.2773036519472
55.94592248561729,-3.1891342654984323,ENE,55.946037290647,-3.188857101638679,684.3579361560812,908.0273036519472
55.946037290647,-3.188857101638679,ESE,55.94592248561729,-3.1885799377789255,753.4175203252762,939.1854449468689
55.94592248561729,-3.1885799377789255,SE,55.94571035358293,-3.1883678057445697,753.4175203252762,937.9354449468689
55.94571035358293,-3.1883678057445697,SSE,55.945433189723175,-3.18825300071486,760.5136647244254,973.6767653564677
55.945433189723175,-3.18825300071486,S,55.94513318972317,-3.18825300071486,760.5136647244254,972.4267653564677
55.94513318972317,-3.18825300071486,WSW,55.94501838469346,-3.1885301645746136,809.9486493717088,1079.6376331612537
55.94501838469346,-3.1885301645746136,W,55.94501838469346,-3.1888301645746138,891.2947507640499,1191.5993683976849
55.94501838469346,-3.1888301645746138,E,55.94501838469346,-3.1885301645746136,891.2947507640499,1190.3493683976849
55.94501838469346,-3.1885301645746136,E,55.94501838469346,-3.1882301645746134,891.2947507640499,1189.0993683976849
55.94501838469346,-3.1882301645746134,ENE,55.94513318972317,-3.18795300071486,891.2947507640499,1187.8493683976849
55.94513318972317,-3.18795300071486,ESE,55.94501838469346,-3.1876758368551066,891.2947507640499,1186.5993683976849
55.94501838469346,-3.1876758368551066,E,55.94513318972317,-3.18765300071486,891.2947507640499,1185.3493683976849
55.94513318972317,-3.18765300071486,E,55.94513318972317,-3.1873530007148596,999.8356301804581,1306.555026054378
55.94513318972317,-3.1873530007148596,SE,55.944921057688816,-3.187140868680504,1053.105290338949,1378.9634445813717
55.944921057688816,-3.187140868680504,SSE,55.94464389382906,-3.1870260636507943,1053.105290338949,1377.7134445813717
55.94464389382906,-3.1870260636507943,S,55.94434389382906,-3.1870260636507943,1129.828135661532,1457.8890463346834
55.94434389382906,-3.1870260636507943,NE,55.94455602586341,-3.1868139316164386,1129.828135661532,1456.6390463346834
55.94455602586341,-3.1868139316164386,NE,55.94476815789777,-3.186601799582083,1129.828135661532,1455.3890463346834
55.94476815789777,-3.186601799582083,NE,55.944980289932126,-3.186389667547727,1129.828135661532,1454.1390463346834
55.944980289932126,-3.186389667547727,NNE,55.94525745379188,-3.1862748625180175,1129.828135661532,1452.8890463346834
55.94525745379188,-3.1862748625180175,NE,55.94546958582624,-3.1860627304836617,1237.313212784113,1546.617503460966
55.94546958582624,-3.1860627304836617,ENE,55.94558439085595,-3.1857855666239083,1293.349892778749,1622.8286686090587
55.94558439085595,-3.1857855666239083,NE,55.945796522890305,-3.1855734345895526,1293.349892778749,1621.5786686090587
55.945796522890305,-3.1855734345895526,NE,55.94600865492466,-3.185361302555197,1293.349892778749,1620.3286686090587
55.94600865492466,-3.185361302555197,ENE,55.94612345995437,-3.1850841386954434,1311.7946128081967,1663.478015054565
55.94612345995437,-3.1850841386954434,E,55.94612345995437,-3.184784138695443,1418.3583358932638,1736.8054760853254
55.94612345995437,-3.184784138695443,S,55.94582345995437,-3.184784138695443,1418.3583358932638,1735.5554760853254
55.94582345995437,-3.184784138695443,S,55.945523459954366,-3.184784138695443,1418.3583358932638,1734.3054760853254
55.945523459954366,-3.184784138695443,S,55.94522345995436,-3.184784138695443,1418.3583358932638,1733.0554760853254
55.94522345995436,-3.184784138695443,SSW,55.94494629609461,-3.1848989437251527,1418.3583358932638,1731.8054760853254
55.94494629609461,-3.1848989437251527,SSE,55.94466913223485,-3.184784138695443,1418.3583358932638,1730.5554760853254
55.94466913223485,-3.184784138695443,SSW,55.94439196837509,-3.1848989437251527,1426.9144644634266,1758.6126315692147
55.94439196837509,-3.1848989437251527,SE,55.94417983634074,-3.184686811690797,1426.9144644634266,1757.3626315692147
55.94417983634074,-3.184686811690797,ESE,55.94406503131103,-3.1844096478310435,1497.6707128282967,1843.164285923599
55.94406503131103,-3.1844096478310435,SW,55.94385289927667,-3.1846217798653993,1577.1662157954024,1926.7426732661145
55.94385289927667,-3.1846217798653993,S,55.94355289927667,-3.1846217798653993,1577.1662157954024,1925.4926732661145
55.94355289927667,-3.1846217798653993,SSW,55.94327573541691,-3.184736584895109,1677.5478035815515,2045.7623010142722
55.94327573541691,-3.184736584895109,WSW,55.9431609303872,-3.185013748754862,1677.5478035815515,2044.5123010142722
55.9431609303872,-3.185013748754862,SW,55.942948798352845,-3.185225880789218,1677.5478035815515,2043.2623010142722
55.942948798352845,-3.185225880789218,WSW,55.942833993323134,-3.1855030446489714,1730.4544524740518,2066.1242516120556
55.942833993323134,-3.1855030446489714,WNW,55.942948798352845,-3.185780208508725,1730.4544524740518,2064.8742516120556
55.942948798352845,-3.185780208508725,WNW,55.943063603382555,-3.186057372368478,1759.1415188399092,2072.590807556765
55.943063603382555,-3.186057372368478,W,55.943063603382555,-3.1863573723684784,1759.1415188399092,2071.340807556765
55.943063603382555,-3.1863573723684784,W,55.943063603382555,-3.1866573723684786,1759.1415188399092,2070.090807556765
55.943063603382555,-3.1866573723684786,W,55.943063603382555,-3.1869573723684788,1759.1415188399092,2068.840807556765
55.943063603382555,-3.1869573723684788,W,55.943063603382555,-3.187257372368479,1759.1415188399092,2067.590807556765
55.943063603382555,-3.187257372368479,WNW,55.943178408412265,-3.1875345362282324,1759.1415188399092,2066.340807556765
55.943178408412265,-3.1875345362282324,WSW,55.943063603382555,-3.1878117000879858,1759.1415188399092,2065.090807556765
55.943063603382555,-3.1878117000879858,W,55.943063603382555,-3.188111700087986,1759.1415188399092,2063.840807556765
55.943063603382555,-3.188111700087986,WSW,55.942948798352845,-3.1883888639477393,1759.1415188399092,2062.590807556765
55.942948798352845,-3.1883888639477393,W,55.942948798352845,-3.1886888639477395,1759.1415188399092,2061.340807556765
55.942948798352845,-3.1886888639477395,WSW,55.942833993323134,-3.188966027807493,1759.1415188399092,2060.090807556765
55.942833993323134,-3.188966027807493,W,55.942833993323134,-3.189266027807493,1759.1415188399092,2058.840807556765
55.942833993323134,-3.189266027807493,WSW,55.942719188293424,-3.1895431916672465,1759.1415188399092,2057.590807556765
55.942719188293424,-3.1895431916672465,W,55.942719188293424,-3.1898431916672467,1759.1415188399092,2056.340807556765
55.942719188293424,-3.1898431916672467,ENE,55.942833993323134,-3.1895660278074933,1759.1415188399092,2055.090807556765
55.942833993323134,-3.1895660278074933,WSW,55.942719188293424,-3.1898431916672467,1759.1415188399092,2053.840807556765
55.942719188293424,-3.1898431916672467,NNW,55.94299635215318,-3.1899579966969562,1759.1415188399092,2052.590807556765
55.94299635215318,-3.1899579966969562,WSW,55.94288154712347,-3.1902351605567096,1786.4479197314913,2082.111619720634
55.94288154712347,-3.1902351605567096,WSW,55.94276674209376,-3.190512324416463,1786.4479197314913,2080.861619720634
55.94276674209376,-3.190512324416463,W,55.94276674209376,-3.1908123244164632,1845.5818160860574,2130.3403681363766
55.94276674209376,-3.1908123244164632,W,55.94276674209376,-3.1911123244164634,1845.5818160860574,2129.0903681363766
55.94276674209376,-3.1911123244164634,W,55.94276674209376,-3.1914123244164636,1845.5818160860574,2127.8403681363766
55.94276674209376,-3.1914123244164636,WNW,55.94288154712347,-3.191689488276217,1845.5818160860574,2126.5903681363766
55.94288154712347,-3.191689488276217,W,55.94288154712347,-3.191989488276217,1916.830538219185,2158.9543591796873
55.94288154712347,-3.191989488276217,N,55.94318154712347,-3.191989488276217,1916.830538219185,2157.7043591796873
55.94318154712347,-3.191989488276217,NNW,55.94345871098323,-3.1921042933059267,1969.9469574162754,2188.1755709031636
55.94345871098323,-3.1921042933059267,NNW,55.943735874842986,-3.192219098335636,1969.9469574162754,2186.9255709031636
55.943735874842986,-3.192219098335636,N,55.94403587484299,-3.192219098335636,1969.9469574162754,2185.6755709031636
55.94403587484299,-3.192219098335636,NNW,55.944313038702745,-3.1923339033653457,2056.3046303708793,2301.3888928808283
55.944313038702745,-3.1923339033653457,E,55.944313038702745,-3.1920339033653455,2056.3046303708793,2300.1388928808283
55.944313038702745,-3.1920339033653455,E,55.944313038702745,-3.1917339033653453,2056.3046303708793,2298.8888928808283
55.944313038702745,-3.1917339033653453,E,55.944313038702745,-3.191433903365345,2056.3046303708793,2297.6388928808283
55.944313038702745,-3.191433903365345,E,55.944313038702745,-3.191133903365345,2056.3046303708793,2296.3888928808283
55.944313038702745,-3.191133903365345,ENE,55.944427843732456,-3.1908567395055916,2056.3046303708793,2295.1388928808283
55.944427843732456,-3.1908567395055916,E,55.944427843732456,-3.1905567395055914,2056.3046303708793,2293.8888928808283
55.944427843732456,-3.1905567395055914,ENE,55.944542648762166,-3.190279575645838,2056.3046303708793,2292.6388928808283
55.944542648762166,-3.190279575645838,E,55.944542648762166,-3.189979575645838,2056.3046303708793,2291.3888928808283
55.944542648762166,-3.189979575645838,ENE,55.944657453791876,-3.1897024117860844,2056.3046303708793,2290.1388928808283
55.944657453791876,-3.1897024117860844,E,55.944657453791876,-3.189402411786084,2056.3046303708793,2288.8888928808283
55.944657453791876,-3.189402411786084,ENE,55.94477225882159,-3.189125247926331,2056.3046303708793,2287.6388928808283
55.94477225882159,-3.189125247926331,E,55.94477225882159,-3.1888252479263306,2056.3046303708793,2286.3888928808283
55.94477225882159,-3.1888252479263306,ENE,55.9448870638513,-3.188548084066577,2056.3046303708793,2285.1388928808283
55.9448870638513,-3.188548084066577,E,55.9448870638513,-3.188248084066577,2056.3046303708793,2283.8888928808283
55.9448870638513,-3.188248084066577,NNE,55.945164227711054,-3.1881332790368675,2056.3046303708793,2282.6388928808283
55.945164227711054,-3.1881332790368675,E,55.945164227711054,-3.1878332790368673,2056.3046303708793,2281.3888928808283
55.945164227711054,-3.1878332790368673,E,55.945164227711054,-3.187533279036867,2056.3046303708793,2280.1388928808283
55.945164227711054,-3.187533279036867,E,55.945164227711054,-3.187233279036867,2097.377808237355,2290.4869478582436
55.945164227711054,-3.187233279036867,E,55.945164227711054,-3.1869332790368667,2097.377808237355,2289.2369478582436
55.945164227711054,-3.1869332790368667,W,55.945164227711054,-3.187233279036867,2097.377808237355,2287.9869478582436
55.945164227711054,-3.187233279036867,WSW,55.94504942268134,-3.1875104428966203,2097.377808237355,2286.7369478582436
55.94504942268134,-3.1875104428966203,NNE,55.9453265865411,-3.187395637866911,2097.377808237355,2285.4869478582436
55.9453265865411,-3.187395637866911,N,55.9456265865411,-3.187395637866911,2097.377808237355,2284.2369478582436
55.9456265865411,-3.187395637866911,NNW,55.94590375040086,-3.1875104428966203,2097.377808237355,2282.9869478582436
55.94590375040086,-3.1875104428966203,NE,55.946115882435215,-3.1872983108622646,2097.377808237355,2281.7369478582436
55.946115882435215,-3.1872983108622646,S,55.94581588243521,-3.1872983108622646,2097.377808237355,2280.4869478582436
55.94581588243521,-3.1872983108622646,SE,55.945603750400856,-3.187086178827909,2097.377808237355,2279.2369478582436
55.945603750400856,-3.187086178827909,ENE,55.94571855543057,-3.1868090149681554,2097.377808237355,2277.9869478582436
55.94571855543057,-3.1868090149681554,SSW,55.94544139157081,-3.186923819997865,2097.377808237355,2276.7369478582436
55.94544139157081,-3.186923819997865,SSW,55.945164227711054,-3.1870386250275744,2097.377808237355,2275.4869478582436
55.945164227711054,-3.1870386250275744,ESE,55.94504942268134,-3.186761461167821,2097.377808237355,2274.2369478582436
55.94504942268134,-3.186761461167821,SE,55.94483729064699,-3.1865493291334652,2097.377808237355,2272.9869478582436
55.94483729064699,-3.1865493291334652,W,55.94483729064699,-3.1868493291334654,2097.377808237355,2271.7369478582436
55.94483729064699,-3.1868493291334654,S,55.944537290646984,-3.1868493291334654,2097.377808237355,2270.4869478582436
55.944537290646984,-3.1868493291334654,NW,55.94474942268134,-3.187061461167821,2097.377808237355,2269.2369478582436
55.94474942268134,-3.187061461167821,SW,55.944537290646984,-3.187273593202177,2097.377808237355,2267.9869478582436
55.944537290646984,-3.187273593202177,ESE,55.944422485617274,-3.1869964293424236,2097.377808237355,2266.7369478582436
55.944422485617274,-3.1869964293424236,WNW,55.944537290646984,-3.187273593202177,2097.377808237355,2265.4869478582436
55.944537290646984,-3.187273593202177,ESE,55.944422485617274,-3.1869964293424236,2097.377808237355,2264.2369478582436
55.944422485617274,-3.1869964293424236,ENE,55.944537290646984,-3.18671926548267,2097.377808237355,2262.9869478582436
55.944537290646984,-3.18671926548267,W,55.944537290646984,-3.1870192654826703,2097.377808237355,2261.7369478582436
55.944537290646984,-3.1870192654826703,ENE,55.944652095676695,-3.186742101622917,2097.377808237355,2260.4869478582436
55.944652095676695,-3.186742101622917,SE,55.94443996364234,-3.186529969588561,2097.377808237355,2259.2369478582436
55.94443996364234,-3.186529969588561,ESE,55.94432515861263,-3.1862528057288078,2097.377808237355,2257.9869478582436
55.94432515861263,-3.1862528057288078,NE,55.944537290646984,-3.186040673694452,2097.377808237355,2256.7369478582436
55.944537290646984,-3.186040673694452,SSW,55.94426012678723,-3.1861554787241615,2097.377808237355,2255.4869478582436
55.94426012678723,-3.1861554787241615,S,55.943960126787225,-3.1861554787241615,2097.377808237355,2254.2369478582436
55.943960126787225,-3.1861554787241615,N,55.94426012678723,-3.1861554787241615,2097.377808237355,2252.9869478582436
55.94426012678723,-3.1861554787241615,E,55.94426012678723,-3.1858554787241613,2097.377808237355,2251.7369478582436
55.94426012678723,-3.1858554787241613,SSE,55.94398296292747,-3.185740673694452,2097.377808237355,2250.4869478582436
55.94398296292747,-3.185740673694452,SSE,55.943705799067715,-3.1856258686647423,2097.377808237355,2249.2369478582436
55.943705799067715,-3.1856258686647423,E,55.943705799067715,-3.185325868664742,2097.377808237355,2247.9869478582436
55.943705799067715,-3.185325868664742,ESE,55.943590994038004,-3.1850487048049887,2097.377808237355,2246.7369478582436
55.943590994038004,-3.1850487048049887,W,55.943590994038004,-3.185348704804989,2097.377808237355,2245.4869478582436
55.943590994038004,-3.185348704804989,W,55.943590994038004,-3.185648704804989,2097.377808237355,2244.2369478582436
55.943590994038004,-3.185648704804989,WNW,55.943705799067715,-3.1859258686647425,2097.377808237355,2242.9869478582436
55.943705799067715,-3.1859258686647425,SSE,55.94342863520796,-3.185811063635033,2097.377808237355,2241.7369478582436
55.94342863520796,-3.185811063635033,WNW,55.94354344023767,-3.1860882274947864,2097.377808237355,2240.4869478582436
55.94354344023767,-3.1860882274947864,N,55.94384344023767,-3.1860882274947864,2097.377808237355,2239.2369478582436
55.94384344023767,-3.1860882274947864,S,55.94354344023767,-3.1860882274947864,2097.377808237355,2237.9869478582436
55.94354344023767,-3.1860882274947864,NNW,55.943820604097425,-3.186203032524496,2097.377808237355,2236.7369478582436
55.943820604097425,-3.186203032524496,SE,55.94360847206307,-3.18599090049014,2097.377808237355,2235.4869478582436
55.94360847206307,-3.18599090049014,N,55.94390847206307,-3.18599090049014,2097.377808237355,2234.2369478582436
55.94390847206307,-3.18599090049014,S,55.94360847206307,-3.18599090049014,2097.377808237355,2232.9869478582436
55.94360847206307,-3.18599090049014,WNW,55.94372327709278,-3.1862680643498935,2097.377808237355,2231.7369478582436
55.94372327709278,-3.1862680643498935,W,55.94372327709278,-3.1865680643498937,2097.377808237355,2230.4869478582436
55.94372327709278,-3.1865680643498937,SE,55.94351114505842,-3.186355932315538,2097.377808237355,2229.2369478582436
55.94351114505842,-3.186355932315538,ENE,55.94362595008813,-3.1860787684557845,2097.377808237355,2227.9869478582436
55.94362595008813,-3.1860787684557845,NW,55.94383808212249,-3.1862909004901403,2097.377808237355,2226.7369478582436
55.94383808212249,-3.1862909004901403,E,55.94383808212249,-3.18599090049014,2097.377808237355,2225.4869478582436
55.94383808212249,-3.18599090049014,NE,55.944050214156846,-3.1857787684557843,2097.377808237355,2224.2369478582436
55.944050214156846,-3.1857787684557843,E,55.944050214156846,-3.185478768455784,2097.377808237355,2222.9869478582436
55.944050214156846,-3.185478768455784,SE,55.94383808212249,-3.1852666364214284,2097.377808237355,2221.7369478582436
55.94383808212249,-3.1852666364214284,SE,55.94362595008813,-3.1850545043870726,2097.377808237355,2220.4869478582436
55.94362595008813,-3.1850545043870726,NNE,55.94390311394789,-3.184939699357363,2097.377808237355,2219.2369478582436
55.94390311394789,-3.184939699357363,S,55.94360311394789,-3.184939699357363,2097.377808237355,2217.9869478582436
55.94360311394789,-3.184939699357363,NE,55.94381524598224,-3.1847275673230073,2097.377808237355,2216.7369478582436
55.94381524598224,-3.1847275673230073,E,55.94381524598224,-3.184427567323007,2097.377808237355,2215.4869478582436
55.94381524598224,-3.184427567323007,W,55.94381524598224,-3.1847275673230073,2097.377808237355,2214.2369478582436
55.94381524598224,-3.1847275673230073,E,55.94381524598224,-3.184427567323007,2097.377808237355,2212.9869478582436
55.94381524598224,-3.184427567323007,WNW,55.943930051011954,-3.1847047311827605,2097.377808237355,2211.7369478582436
55.943930051011954,-3.1847047311827605,E,55.943930051011954,-3.1844047311827604,2097.377808237355,2210.4869478582436
55.943930051011954,-3.1844047311827604,SSW,55.9436528871522,-3.18451953621247,2097.377808237355,2209.2369478582436
55.9436528871522,-3.18451953621247,NNE,55.943930051011954,-3.1844047311827604,2097.377808237355,2207.9869478582436
55.943930051011954,-3.1844047311827604,NNW,55.94420721487171,-3.18451953621247,2097.377808237355,2206.7369478582436
55.94420721487171,-3.18451953621247,NNW,55.94448437873147,-3.1846343412421794,2097.377808237355,2205.4869478582436
55.94448437873147,-3.1846343412421794,ESE,55.944369573701756,-3.184357177382426,2097.377808237355,2204.2369478582436
55.944369573701756,-3.184357177382426,NNW,55.94464673756151,-3.1844719824121355,2097.377808237355,2202.9869478582436
55.94464673756151,-3.1844719824121355,NNW,55.94492390142127,-3.184586787441845,2097.377808237355,2201.7369478582436
55.94492390142127,-3.184586787441845,W,55.94492390142127,-3.184886787441845,2097.377808237355,2200.4869478582436
55.94492390142127,-3.184886787441845,N,55.94522390142127,-3.184886787441845,2097.377808237355,2199.2369478582436
55.94522390142127,-3.184886787441845,S,55.94492390142127,-3.184886787441845,2097.377808237355,2197.9869478582436
55.94492390142127,-3.184886787441845,NNW,55.945201065281026,-3.1850015924715547,2097.377808237355,2196.7369478582436
55.945201065281026,-3.1850015924715547,WSW,55.945086260251315,-3.185278756331308,2097.377808237355,2195.4869478582436
55.945086260251315,-3.185278756331308,NNE,55.94536342411107,-3.1851639513015986,2097.377808237355,2194.2369478582436
55.94536342411107,-3.1851639513015986,E,55.94536342411107,-3.1848639513015984,2097.377808237355,2192.9869478582436
55.94536342411107,-3.1848639513015984,NNE,55.94564058797083,-3.184749146271889,2097.377808237355,2191.7369478582436
55.94564058797083,-3.184749146271889,ESE,55.94552578294112,-3.1844719824121355,2097.377808237355,2190.4869478582436
55.94552578294112,-3.1844719824121355,SSE,55.94524861908136,-3.184357177382426,2097.377808237355,2189.2369478582436
55.94524861908136,-3.184357177382426,WSW,55.94513381405165,-3.1846343412421794,2097.377808237355,2187.9869478582436
55.94513381405165,-3.1846343412421794,SE,55.944921682017295,-3.1844222092078236,2097.377808237355,2186.7369478582436
55.944921682017295,-3.1844222092078236,SSW,55.94464451815754,-3.184537014237533,2097.377808237355,2185.4869478582436
55.94464451815754,-3.184537014237533,NNW,55.944921682017295,-3.1846518192672426,2097.377808237355,2184.2369478582436
55.944921682017295,-3.1846518192672426,NNW,55.94519884587705,-3.184766624296952,2097.377808237355,2182.9869478582436
55.94519884587705,-3.184766624296952,SE,55.944986713842695,-3.1845544922625963,2097.377808237355,2181.7369478582436
55.944986713842695,-3.1845544922625963,SSW,55.94470954998294,-3.184669297292306,2097.377808237355,2180.4869478582436
55.94470954998294,-3.184669297292306,SE,55.94449741794858,-3.18445716525795,2097.377808237355,2179.2369478582436
55.94449741794858,-3.18445716525795,WSW,55.94438261291887,-3.1847343291177035,2097.377808237355,2177.9869478582436
55.94438261291887,-3.1847343291177035,S,55.94408261291887,-3.1847343291177035,2097.377808237355,2176.7369478582436
55.94408261291887,-3.1847343291177035,NW,55.944294744953226,-3.1849464611520593,2097.377808237355,2175.4869478582436
55.944294744953226,-3.1849464611520593,ESE,55.944179939923515,-3.184669297292306,2097.377808237355,2174.2369478582436
55.944179939923515,-3.184669297292306,E,55.944179939923515,-3.1843692972923057,2097.377808237355,2172.9869478582436
55.944179939923515,-3.1843692972923057,SSW,55.94390277606376,-3.184484102322015,2097.377808237355,2171.7369478582436
55.94390277606376,-3.184484102322015,WNW,55.94401758109347,-3.1847612661817686,2097.377808237355,2170.4869478582436
55.94401758109347,-3.1847612661817686,SSE,55.94374041723371,-3.184646461152059,2097.377808237355,2169.2369478582436
55.94374041723371,-3.184646461152059,SSW,55.943463253373956,-3.1847612661817686,2097.377808237355,2167.9869478582436
55.943463253373956,-3.1847612661817686,SSW,55.9431860895142,-3.184876071211478,2097.377808237355,2166.7369478582436
55.9431860895142,-3.184876071211478,SW,55.94297395747984,-3.185088203245834,2097.377808237355,2165.4869478582436
55.94297395747984,-3.185088203245834,NNE,55.9432511213396,-3.1849733982161244,2097.377808237355,2164.2369478582436
55.9432511213396,-3.1849733982161244,SW,55.94303898930524,-3.18518553025048,2097.377808237355,2162.9869478582436
55.94303898930524,-3.18518553025048,WSW,55.94292418427553,-3.1854626941102335,2097.377808237355,2161.7369478582436
55.94292418427553,-3.1854626941102335,ENE,55.94303898930524,-3.18518553025048,2097.377808237355,2160.4869478582436
55.94303898930524,-3.18518553025048,SSW,55.94276182544549,-3.1853003352801896,2097.377808237355,2159.2369478582436
55.94276182544549,-3.1853003352801896,N,55.94306182544549,-3.1853003352801896,2097.377808237355,2157.9869478582436
55.94306182544549,-3.1853003352801896,SW,55.942849693411134,-3.1855124673145454,2097.377808237355,2156.7369478582436
55.942849693411134,-3.1855124673145454,E,55.942849693411134,-3.185212467314545,2097.377808237355,2155.4869478582436
55.942849693411134,-3.185212467314545,ENE,55.942964498440844,-3.184935303454792,2097.377808237355,2154.2369478582436
55.942964498440844,-3.184935303454792,S,55.94266449844084,-3.184935303454792,2097.377808237355,2152.9869478582436
55.94266449844084,-3.184935303454792,NNW,55.9429416623006,-3.1850501084845013,2097.377808237355,2151.7369478582436
55.9429416623006,-3.1850501084845013,W,55.9429416623006,-3.1853501084845015,2097.377808237355,2150.4869478582436
55.9429416623006,-3.1853501084845015,W,55.9429416623006,-3.1856501084845017,2097.377808237355,2149.2369478582436
55.9429416623006,-3.1856501084845017,SE,55.94272953026624,-3.185437976450146,2097.377808237355,2147.9869478582436
55.94272953026624,-3.185437976450146,NE,55.9429416623006,-3.18522584441579,2097.377808237355,2146.7369478582436
55.9429416623006,-3.18522584441579,SW,55.94272953026624,-3.185437976450146,2097.377808237355,2145.4869478582436
55.94272953026624,-3.185437976450146,NE,55.9429416623006,-3.18522584441579,2097.377808237355,2144.2369478582436
55.9429416623006,-3.18522584441579,ENE,55.94305646733031,-3.1849486805560367,2097.377808237355,2142.9869478582436
55.94305646733031,-3.1849486805560367,S,55.942756467330305,-3.1849486805560367,2097.377808237355,2141.7369478582436
55.942756467330305,-3.1849486805560367,N,55.94305646733031,-3.1849486805560367,2097.377808237355,2140.4869478582436
55.94305646733031,-3.1849486805560367,NE,55.943268599364664,-3.184736548521681,2097.377808237355,2139.2369478582436
55.943268599364664,-3.184736548521681,SE,55.94305646733031,-3.184524416487325,2097.377808237355,2137.9869478582436
55.94305646733031,-3.184524416487325,NNW,55.943333631190065,-3.1846392215170347,2097.377808237355,2136.7369478582436
55.943333631190065,-3.1846392215170347,S,55.94303363119006,-3.1846392215170347,2097.377808237355,2135.4869478582436
55.94303363119006,-3.1846392215170347,E,55.94303363119006,-3.1843392215170345,2097.377808237355,2134.2369478582436
55.94303363119006,-3.1843392215170345,NW,55.94324576322442,-3.1845513535513903,2097.377808237355,2132.9869478582436
55.94324576322442,-3.1845513535513903,NE,55.943457895258774,-3.1843392215170345,2097.377808237355,2131.7369478582436
55.943457895258774,-3.1843392215170345,W,55.943457895258774,-3.1846392215170347,2097.377808237355,2130.4869478582436
55.943457895258774,-3.1846392215170347,NE,55.94367002729313,-3.184427089482679,2097.377808237355,2129.2369478582436
55.94367002729313,-3.184427089482679,NW,55.94388215932749,-3.1846392215170347,2097.377808237355,2127.9869478582436
55.94388215932749,-3.1846392215170347,SW,55.94367002729313,-3.1848513535513905,2097.377808237355,2126.7369478582436
55.94367002729313,-3.1848513535513905,NNE,55.94394719115289,-3.184736548521681,2097.377808237355,2125.4869478582436
55.94394719115289,-3.184736548521681,S,55.943647191152884,-3.184736548521681,2097.377808237355,2124.2369478582436
55.943647191152884,-3.184736548521681,ESE,55.943532386123174,-3.1844593846619276,2097.377808237355,2122.9869478582436
55.943532386123174,-3.1844593846619276,S,55.94323238612317,-3.1844593846619276,2097.377808237355,2121.7369478582436
55.94323238612317,-3.1844593846619276,NW,55.94344451815753,-3.1846715166962833,2097.377808237355,2120.4869478582436
55.94344451815753,-3.1846715166962833,SSE,55.94316735429777,-3.184556711666574,2097.377808237355,2119.2369478582436