55.944425,-3.188396,NW,55.94463713203436,-3.188608132034356,12.229138892702343,309.6559945314226
55.94463713203436,-3.188608132034356,WNW,55.94475193706407,-3.188885295894109,12.229138892702343,308.4059945314226
55.94475193706407,-3.188885295894109,WNW,55.94486674209378,-3.1891624597538626,26.03043135791444,338.16432775281726
55.94486674209378,-3.1891624597538626,WNW,55.94498154712349,-3.189439623613616,26.03043135791444,336.91432775281726
55.94498154712349,-3.189439623613616,WNW,55.9450963521532,-3.1897167874733694,26.03043135791444,335.66432775281726
55.9450963521532,-3.1897167874733694,WNW,55.94521115718291,-3.189993951333123,41.83565746107332,397.93810715293404
55.94521115718291,-3.189993951333123,N,55.945511157182914,-3.189993951333123,140.20692979506487,402.0714127256507
55.945511157182914,-3.189993951333123,NW,55.94572328921727,-3.1902060833674786,170.6040269105128,448.2483912858021
55.94572328921727,-3.1902060833674786,NW,55.945935421251626,-3.1904182154018343,170.6040269105128,446.9983912858021
55.945935421251626,-3.1904182154018343,NNW,55.94621258511138,-3.190533020431544,246.7497491124014,558.6751705217803
55.94621258511138,-3.190533020431544,SSE,55.945935421251626,-3.1904182154018343,246.7497491124014,557.4251705217803
55.945935421251626,-3.1904182154018343,SW,55.94572328921727,-3.19063034743619,346.3552272755445,640.4733176701576
55.94572328921727,-3.19063034743619,SSW,55.94544612535751,-3.1907451524658996,346.3552272755445,639.2233176701576
55.94544612535751,-3.1907451524658996,SW,55.94523399332316,-3.1909572845002554,412.59440450105865,653.861508201826
55.94523399332316,-3.1909572845002554,ESE,55.94511918829345,-3.190680120640502,412.59440450105865,652.611508201826
55.94511918829345,-3.190680120640502,SE,55.94490705625909,-3.190467988606146,430.51696862224065,747.4012480368019
55.94490705625909,-3.190467988606146,NW,55.94511918829345,-3.190680120640502,430.51696862224065,746.1512480368019
55.94511918829345,-3.190680120640502,WSW,55.945004383263736,-3.1909572845002554,430.51696862224065,744.9012480368019
55.945004383263736,-3.1909572845002554,WSW,55.944889578234026,-3.191234448360009,430.51696862224065,743.6512480368019
55.944889578234026,-3.191234448360009,WSW,55.944774773204315,-3.191511612219762,539.8066532307224,834.9148431234505
55.944774773204315,-3.191511612219762,S,55.94447477320431,-3.191511612219762,539.8066532307224,833.6648431234505
55.94447477320431,-3.191511612219762,S,55.94417477320431,-3.191511612219762,539.8066532307224,832.4148431234505
55.94417477320431,-3.191511612219762,S,55.94387477320431,-3.191511612219762,585.4087209322397,893.7210319870288
55.94387477320431,-3.191511612219762,ESE,55.9437599681746,-3.191234448360009,653.0670427071103,998.5867850171918
55.9437599681746,-3.191234448360009,SSE,55.94348280431484,-3.1911196433302993,653.0670427071103,997.3367850171918
55.94348280431484,-3.1911196433302993,SE,55.943270672280484,-3.1909075112959435,653.0670427071103,996.0867850171918
55.943270672280484,-3.1909075112959435,SSE,55.94299350842073,-3.190792706266234,705.451840139715,1045.1354478518183
55.94299350842073,-3.190792706266234,WSW,55.94287870339102,-3.1910698701259874,705.451840139715,1043.8854478518183
55.94287870339102,-3.1910698701259874,W,55.94287870339102,-3.1913698701259876,788.6104279810817,1160.786685003719
55.94287870339102,-3.1913698701259876,SW,55.94266657135666,-3.1915820021603434,893.3574453769852,1207.261403988269
55.94266657135666,-3.1915820021603434,NNW,55.94294373521642,-3.191696807190053,893.3574453769852,1206.011403988269
55.94294373521642,-3.191696807190053,NW,55.94315586725077,-3.1919089392244087,893.3574453769852,1204.761403988269
55.94315586725077,-3.1919089392244087,NE,55.94336799928513,-3.191696807190053,893.3574453769852,1203.511403988269
55.94336799928513,-3.191696807190053,WSW,55.94325319425542,-3.1919739710498063,893.3574453769852,1202.261403988269
55.94325319425542,-3.1919739710498063,NE,55.943465326289775,-3.1917618390154505,893.3574453769852,1201.011403988269
55.943465326289775,-3.1917618390154505,SW,55.94325319425542,-3.1919739710498063,893.3574453769852,1199.761403988269
55.94325319425542,-3.1919739710498063,NE,55.943465326289775,-3.1917618390154505,893.3574453769852,1198.511403988269
55.943465326289775,-3.1917618390154505,SW,55.94325319425542,-3.1919739710498063,893.3574453769852,1197.261403988269
55.94325319425542,-3.1919739710498063,SE,55.94304106222106,-3.1917618390154505,893.3574453769852,1196.011403988269
55.94304106222106,-3.1917618390154505,NE,55.943465326289775,-3.1917618390154505,893.3574453769852,1194.761403988269
55.943465326289775,-3.1917618390154505,E,55.943465326289775,-3.1914618390154503,893.3574453769852,1193.511403988269
55.943465326289775,-3.1914618390154503,E,55.943465326289775,-3.19116183901545,893.3574453769852,1192.261403988269
55.943465326289775,-3.19116183901545,E,55.943465326289775,-3.19086183901545,893.3574453769852,1191.011403988269
55.943465326289775,-3.19086183901545,E,55.943465326289775,-3.1905618390154498,893.3574453769852,1189.761403988269
55.943465326289775,-3.1905618390154498,E,55.943465326289775,-3.1902618390154496,893.3574453769852,1188.511403988269
55.943465326289775,-3.1902618390154496,E,55.943465326289775,-3.1899618390154494,893.3574453769852,1187.261403988269
55.943465326289775,-3.1899618390154494,E,55.943465326289775,-3.189661839015449,893.3574453769852,1186.011403988269
55.943465326289775,-3.189661839015449,SE,55.94325319425542,-3.1894497069810934,893.3574453769852,1184.761403988269
55.94325319425542,-3.1894497069810934,ESE,55.94313838922571,-3.18917254312134,893.3574453769852,1183.511403988269
55.94313838922571,-3.18917254312134,ESE,55.943023584196,-3.1888953792615866,893.3574453769852,1182.261403988269
55.943023584196,-3.1888953792615866,SE,55.94281145216164,-3.188683247227231,893.3574453769852,1181.011403988269
55.94281145216164,-3.188683247227231,NW,55.943023584196,-3.1888953792615866,893.3574453769852,1179.761403988269
55.943023584196,-3.1888953792615866,SE,55.94281145216164,-3.188683247227231,893.3574453769852,1178.511403988269
55.94281145216164,-3.188683247227231,NW,55.943023584196,-3.1888953792615866,893.3574453769852,1177.261403988269
55.943023584196,-3.1888953792615866,SSW,55.94274642033624,-3.189010184291296,893.3574453769852,1176.011403988269
55.94274642033624,-3.189010184291296,SE,55.94281145216164,-3.188683247227231,893.3574453769852,1174.761403988269
55.94281145216164,-3.188683247227231,NW,55.943023584196,-3.1888953792615866,893.3574453769852,1173.511403988269
55.943023584196,-3.1888953792615866,SE,55.94281145216164,-3.188683247227231,893.3574453769852,1172.261403988269
55.94281145216164,-3.188683247227231,NW,55.943023584196,-3.1888953792615866,893.3574453769852,1171.011403988269
55.943023584196,-3.1888953792615866,SE,55.94281145216164,-3.188683247227231,893.3574453769852,1169.761403988269
55.94281145216164,-3.188683247227231,ESE,55.94269664713193,-3.1884060833674774,893.3574453769852,1168.511403988269
55.94269664713193,-3.1884060833674774,NW,55.943023584196,-3.1888953792615866,893.3574453769852,1167.261403988269
55.943023584196,-3.1888953792615866,SE,55.94281145216164,-3.188683247227231,893.3574453769852,1166.011403988269
55.94281145216164,-3.188683247227231,E,55.94281145216164,-3.1883832472272307,893.3574453769852,1164.761403988269
55.94281145216164,-3.1883832472272307,NE,55.943023584196,-3.188171115192875,893.3574453769852,1163.511403988269
55.943023584196,-3.188171115192875,NNE,55.943300748055755,-3.1880563101631654,893.3574453769852,1162.261403988269
55.943300748055755,-3.1880563101631654,NNE,55.94357791191551,-3.187941505133456,893.3574453769852,1161.011403988269
55.94357791191551,-3.187941505133456,NE,55.94379004394987,-3.1877293730991,893.3574453769852,1159.761403988269
55.94379004394987,-3.1877293730991,NNE,55.944067207809624,-3.1876145680693906,948.3846811449756,1275.2267965473857
55.944067207809624,-3.1876145680693906,NNE,55.94434437166938,-3.187499763039681,948.3846811449756,1273.9767965473857
55.94434437166938,-3.187499763039681,NE,55.94455650370374,-3.1872876310053253,948.3846811449756,1272.7267965473857
55.94455650370374,-3.1872876310053253,NNE,55.94483366756349,-3.187172825975616,948.3846811449756,1271.4767965473857
55.94483366756349,-3.187172825975616,NE,55.94504579959785,-3.18696069394126,1017.4844220259489,1328.9238134297193
55.94504579959785,-3.18696069394126,NNE,55.945322963457606,-3.1868458889115505,1017.4844220259489,1327.6738134297193
55.945322963457606,-3.1868458889115505,NNE,55.94560012731736,-3.186731083881841,1017.4844220259489,1326.4238134297193
55.94560012731736,-3.186731083881841,NNE,55.94587729117712,-3.1866162788521315,1083.695490368292,1340.0095978993666
55.94587729117712,-3.1866162788521315,E,55.94587729117712,-3.1863162788521313,1083.695490368292,1338.7595978993666
55.94587729117712,-3.1863162788521313,ESE,55.94576248614741,-3.186039114992378,1204.9485017583809,1454.2816388444087
55.94576248614741,-3.186039114992378,SE,55.94555035411305,-3.185826982958022,1204.9485017583809,1453.0316388444087
55.94555035411305,-3.185826982958022,SE,55.945338222078696,-3.1856148509236664,1204.9485017583809,1451.7816388444087
55.945338222078696,-3.1856148509236664,SSE,55.94506105821894,-3.185500045893957,1229.0489893343997,1535.742420511878
55.94506105821894,-3.185500045893957,SE,55.944848926184584,-3.185287913859601,1349.8187186078653,1567.3913285086837
55.944848926184584,-3.185287913859601,W,55.944848926184584,-3.1855879138596013,1403.5104460760147,1582.3366427863052
55.944848926184584,-3.1855879138596013,SSW,55.94457176232483,-3.185702718889311,1501.4339945448232,1664.3504936191632
55.94457176232483,-3.185702718889311,SSE,55.94429459846507,-3.1855879138596013,1540.7185924514995,1768.033111713533
55.94429459846507,-3.1855879138596013,WNW,55.94440940349478,-3.1858650777193547,1540.7185924514995,1766.783111713533
55.94440940349478,-3.1858650777193547,WNW,55.94452420852449,-3.186142241579108,1660.9446102351437,1783.1656692529252
55.94452420852449,-3.186142241579108,ENE,55.9446390135542,-3.1858650777193547,1660.9446102351437,1781.9156692529252
55.9446390135542,-3.1858650777193547,ENE,55.94475381858391,-3.1855879138596013,1660.9446102351437,1780.6656692529252
55.94475381858391,-3.1855879138596013,NE,55.94496595061827,-3.1853757818252455,1660.9446102351437,1779.4156692529252
55.94496595061827,-3.1853757818252455,ENE,55.94508075564798,-3.185098617965492,1702.416961965386,1828.6579119226549
55.94508075564798,-3.185098617965492,SE,55.94486862361362,-3.1848864859311363,1702.416961965386,1827.4079119226549
55.94486862361362,-3.1848864859311363,SE,55.944656491579266,-3.1846743538967806,1726.7894792655766,1883.5368660864344
55.944656491579266,-3.1846743538967806,N,55.94495649157927,-3.1846743538967806,1726.7894792655766,1882.2868660864344
55.94495649157927,-3.1846743538967806,N,55.94525649157927,-3.1846743538967806,1726.7894792655766,1881.0368660864344
55.94525649157927,-3.1846743538967806,NNE,55.94553365543903,-3.184559548867071,1757.7804021991576,1916.8728995767347
55.94553365543903,-3.184559548867071,S,55.945233655439026,-3.184559548867071,1757.7804021991576,1915.6228995767347
55.945233655439026,-3.184559548867071,S,55.94493365543902,-3.184559548867071,1757.7804021991576,1914.3728995767347
55.94493365543902,-3.184559548867071,S,55.94463365543902,-3.184559548867071,1757.7804021991576,1913.1228995767347
55.94463365543902,-3.184559548867071,SE,55.944421523404664,-3.1843474168327153,1757.7804021991576,1911.8728995767347
55.944421523404664,-3.1843474168327153,SSW,55.94414435954491,-3.184462221862425,1757.7804021991576,1910.6228995767347
55.94414435954491,-3.184462221862425,SSW,55.94386719568515,-3.1845770268921343,1757.7804021991576,1909.3728995767347
55.94386719568515,-3.1845770268921343,SSW,55.943590031825394,-3.184691831921844,1757.7804021991576,1908.1228995767347
55.943590031825394,-3.184691831921844,SSW,55.94331286796564,-3.1848066369515533,1827.1126600426946,1949.7686017029657
55.94331286796564,-3.1848066369515533,S,55.943012867965635,-3.1848066369515533,1827.1126600426946,1948.5186017029657
55.943012867965635,-3.1848066369515533,SSW,55.94273570410588,-3.184921441981263,1893.8612145974607,2014.3387525849653
55.94273570410588,-3.184921441981263,NW,55.942947836140235,-3.1851335740156186,1893.8612145974607,2013.0887525849653
55.942947836140235,-3.1851335740156186,WNW,55.943062641169945,-3.185410737875372,1893.8612145974607,2011.8387525849653
55.943062641169945,-3.185410737875372,NW,55.9432747732043,-3.1856228699097278,1940.7326203681876,2112.8813948536067
55.9432747732043,-3.1856228699097278,NW,55.94348690523866,-3.1858350019440835,1940.7326203681876,2111.6313948536067
55.94348690523866,-3.1858350019440835,NW,55.943699037273014,-3.1860471339784393,1940.7326203681876,2110.3813948536067
55.943699037273014,-3.1860471339784393,NW,55.94391116930737,-3.186259266012795,1940.7326203681876,2109.1313948536067
55.94391116930737,-3.186259266012795,NW,55.944123301341726,-3.186471398047151,1940.7326203681876,2107.8813948536067
55.944123301341726,-3.186471398047151,NNW,55.94440046520148,-3.1865862030768604,1940.7326203681876,2106.6313948536067
55.94440046520148,-3.1865862030768604,W,55.94440046520148,-3.1868862030768605,1940.7326203681876,2105.3813948536067
55.94440046520148,-3.1868862030768605,NW,55.94461259723584,-3.1870983351112163,1940.7326203681876,2104.1313948536067
55.94461259723584,-3.1870983351112163,NNW,55.944889761095595,-3.187213140140926,1940.7326203681876,2102.8813948536067
55.944889761095595,-3.187213140140926,NNW,55.94516692495535,-3.1873279451706353,1940.7326203681876,2101.6313948536067
55.94516692495535,-3.1873279451706353,NNW,55.94544408881511,-3.187442750200345,1940.7326203681876,2100.3813948536067
55.94544408881511,-3.187442750200345,NNW,55.945721252674865,-3.1875575552300544,1940.7326203681876,2099.1313948536067
55.945721252674865,-3.1875575552300544,NNW,55.94599841653462,-3.187672360259764,2019.5264162565995,2222.6486565706423
55.94599841653462,-3.187672360259764,SSW,55.945721252674865,-3.1877871652894734,2019.5264162565995,2221.3986565706423
55.945721252674865,-3.1877871652894734,SSW,55.94544408881511,-3.187901970319183,2019.5264162565995,2220.1486565706423
55.94544408881511,-3.187901970319183,SSW,55.94516692495535,-3.1880167753488924,2019.5264162565995,2218.8986565706423
55.94516692495535,-3.1880167753488924,SSW,55.944889761095595,-3.188131580378602,2019.5264162565995,2217.6486565706423
55.944889761095595,-3.188131580378602,SW,55.94467762906124,-3.1883437124129577,2019.5264162565995,2216.3986565706423
55.94467762906124,-3.1883437124129577,S,55.944377629061236,-3.1883437124129577,2019.5264162565995,2215.1486565706423
55.944377629061236,-3.1883437124129577,SSW,55.94410046520148,-3.188458517442667,2019.5264162565995,2213.8986565706423
55.94410046520148,-3.188458517442667,S,55.94380046520148,-3.188458517442667,2019.5264162565995,2212.6486565706423
55.94380046520148,-3.188458517442667,SSW,55.94352330134172,-3.1885733224723767,2041.6774068110983,2311.719193481553
55.94352330134172,-3.1885733224723767,SE,55.943311169307364,-3.188361190438021,2041.6774068110983,2310.469193481553
55.943311169307364,-3.188361190438021,W,55.943311169307364,-3.188661190438021,2053.271982629404,2374.862679283666
55.943311169307364,-3.188661190438021,NNW,55.94358833316712,-3.1887759954677306,2053.271982629404,2373.612679283666
55.94358833316712,-3.1887759954677306,WNW,55.94370313819683,-3.189053159327484,2053.271982629404,2372.362679283666
55.94370313819683,-3.189053159327484,NW,55.94391527023119,-3.18926529136184,2053.271982629404,2371.112679283666
55.94391527023119,-3.18926529136184,W,55.94391527023119,-3.18956529136184,2053.271982629404,2369.862679283666
55.94391527023119,-3.18956529136184,W,55.94391527023119,-3.18986529136184,2053.271982629404,2368.612679283666
55.94391527023119,-3.18986529136184,W,55.94391527023119,-3.1901652913618403,2053.271982629404,2367.362679283666
55.94391527023119,-3.1901652913618403,W,55.94391527023119,-3.1904652913618405,2053.271982629404,2366.112679283666
55.94391527023119,-3.1904652913618405,WSW,55.94380046520148,-3.190742455221594,2053.271982629404,2364.862679283666
55.94380046520148,-3.190742455221594,W,55.94380046520148,-3.191042455221594,2053.271982629404,2363.612679283666
55.94380046520148,-3.191042455221594,WSW,55.94368566017177,-3.1913196190813475,2053.271982629404,2362.362679283666
55.94368566017177,-3.1913196190813475,W,55.94368566017177,-3.1916196190813477,2053.271982629404,2361.112679283666
55.94368566017177,-3.1916196190813477,WNW,55.94380046520148,-3.191896782941101,2053.271982629404,2359.862679283666
55.94380046520148,-3.191896782941101,W,55.94380046520148,-3.1921967829411013,2053.271982629404,2358.612679283666
55.94380046520148,-3.1921967829411013,SSW,55.94352330134172,-3.192311587970811,2173.342650414028,2365.1618498401895
55.94352330134172,-3.192311587970811,N,55.94382330134172,-3.192311587970811,2173.342650414028,2363.9118498401895
55.94382330134172,-3.192311587970811,S,55.94352330134172,-3.192311587970811,2173.342650414028,2362.6618498401895
55.94352330134172,-3.192311587970811,NNE,55.94380046520148,-3.1921967829411013,2173.342650414028,2361.4118498401895
55.94380046520148,-3.1921967829411013,E,55.94380046520148,-3.191896782941101,2173.342650414028,2360.1618498401895
55.94380046520148,-3.191896782941101,ESE,55.94368566017177,-3.1916196190813477,2173.342650414028,2358.9118498401895
55.94368566017177,-3.1916196190813477,ESE,55.943570855142056,-3.1913424552215943,2173.342650414028,2357.6618498401895
55.943570855142056,-3.1913424552215943,SSW,55.9432936912823,-3.191457260251304,2173.342650414028,2356.4118498401895
55.9432936912823,-3.191457260251304,SSW,55.94301652742254,-3.1915720652810133,2173.342650414028,2355.1618498401895
55.94301652742254,-3.1915720652810133,ESE,55.94290172239283,-3.19129490142126,2173.342650414028,2353.9118498401895
55.94290172239283,-3.19129490142126,SE,55.942689590358476,-3.191082769386904,2173.342650414028,2352.6618498401895
55.942689590358476,-3.191082769386904,W,55.942689590358476,-3.1913827693869044,2173.342650414028,2351.4118498401895
55.942689590358476,-3.1913827693869044,NW,55.94290172239283,-3.19159490142126,2173.342650414028,2350.1618498401895
55.94290172239283,-3.19159490142126,SW,55.942689590358476,-3.191807033455616,2173.342650414028,2348.9118498401895
55.942689590358476,-3.191807033455616,WNW,55.94280439538819,-3.1920841973153693,2173.342650414028,2347.6618498401895
55.94280439538819,-3.1920841973153693,W,55.94280439538819,-3.1923841973153695,2173.342650414028,2346.4118498401895
55.94280439538819,-3.1923841973153695,E,55.94280439538819,-3.1920841973153693,2173.342650414028,2345.1618498401895
55.94280439538819,-3.1920841973153693,WNW,55.9429192004179,-3.1923613611751227,2173.342650414028,2343.9118498401895
55.9429192004179,-3.1923613611751227,S,55.942619200417894,-3.1923613611751227,2173.342650414028,2342.6618498401895
55.942619200417894,-3.1923613611751227,N,55.9429192004179,-3.1923613611751227,2173.342650414028,2341.4118498401895
55.9429192004179,-3.1923613611751227,S,55.942619200417894,-3.1923613611751227,2173.342650414028,2340.1618498401895
55.942619200417894,-3.1923613611751227,ENE,55.942734005447605,-3.1920841973153693,2173.342650414028,2338.9118498401895
55.942734005447605,-3.1920841973153693,E,55.942734005447605,-3.191784197315369,2173.342650414028,2337.6618498401895
55.942734005447605,-3.191784197315369,E,55.942734005447605,-3.191484197315369,2173.342650414028,2336.4118498401895
55.942734005447605,-3.191484197315369,NE,55.94294613748196,-3.191272065281013,2173.342650414028,2335.1618498401895
55.94294613748196,-3.191272065281013,E,55.94294613748196,-3.190972065281013,2173.342650414028,2333.9118498401895
55.94294613748196,-3.190972065281013,SE,55.942734005447605,-3.190759933246657,2173.342650414028,2332.6618498401895
55.942734005447605,-3.190759933246657,NNE,55.94301116930736,-3.1906451282169477,2173.342650414028,2331.4118498401895
55.94301116930736,-3.1906451282169477,S,55.94271116930736,-3.1906451282169477,2173.342650414028,2330.1618498401895
55.94271116930736,-3.1906451282169477,NE,55.942923301341715,-3.190432996182592,2173.342650414028,2328.9118498401895
55.942923301341715,-3.190432996182592,E,55.942923301341715,-3.1901329961825917,2173.342650414028,2327.6618498401895
55.942923301341715,-3.1901329961825917,W,55.942923301341715,-3.190432996182592,2173.342650414028,2326.4118498401895
55.942923301341715,-3.190432996182592,E,55.942923301341715,-3.1901329961825917,2173.342650414028,2325.1618498401895
55.942923301341715,-3.1901329961825917,ESE,55.942808496312004,-3.1898558323228383,2173.342650414028,2323.9118498401895
55.942808496312004,-3.1898558323228383,WNW,55.942923301341715,-3.1901329961825917,2173.342650414028,2322.6618498401895
55.942923301341715,-3.1901329961825917,E,55.942923301341715,-3.1898329961825915,2173.342650414028,2321.4118498401895
55.942923301341715,-3.1898329961825915,SSW,55.94264613748196,-3.189947801212301,2173.342650414028,2320.1618498401895
55.94264613748196,-3.189947801212301,NNE,55.942923301341715,-3.1898329961825915,2173.342650414028,2318.9118498401895
55.942923301341715,-3.1898329961825915,NNW,55.94320046520147,-3.189947801212301,2173.342650414028,2317.6618498401895
55.94320046520147,-3.189947801212301,NNW,55.94347762906123,-3.1900626062420105,2173.342650414028,2316.4118498401895
55.94347762906123,-3.1900626062420105,SW,55.94326549702687,-3.1902747382763663,2173.342650414028,2315.1618498401895
55.94326549702687,-3.1902747382763663,NNW,55.94354266088663,-3.190389543306076,2173.342650414028,2313.9118498401895
55.94354266088663,-3.190389543306076,NNW,55.943819824746384,-3.1905043483357853,2173.342650414028,2312.6618498401895
55.943819824746384,-3.1905043483357853,E,55.943819824746384,-3.190204348335785,2173.342650414028,2311.4118498401895
55.943819824746384,-3.190204348335785,W,55.943819824746384,-3.1905043483357853,2173.342650414028,2310.1618498401895
55.943819824746384,-3.1905043483357853,NNW,55.94409698860614,-3.190619153365495,2173.342650414028,2308.9118498401895
55.94409698860614,-3.190619153365495,S,55.94379698860614,-3.190619153365495,2173.342650414028,2307.6618498401895
55.94379698860614,-3.190619153365495,SSW,55.94351982474638,-3.1907339583952044,2173.342650414028,2306.4118498401895
55.94351982474638,-3.1907339583952044,WSW,55.94340501971667,-3.1910111222549578,2173.342650414028,2305.1618498401895
55.94340501971667,-3.1910111222549578,SE,55.943192887682315,-3.190798990220602,2173.342650414028,2303.9118498401895
55.943192887682315,-3.190798990220602,E,55.943192887682315,-3.190498990220602,2173.342650414028,2302.6618498401895
55.943192887682315,-3.190498990220602,NNE,55.94347005154207,-3.1903841851908923,2173.342650414028,2301.4118498401895
55.94347005154207,-3.1903841851908923,ESE,55.94335524651236,-3.190107021331139,2173.342650414028,2300.1618498401895
55.94335524651236,-3.190107021331139,ENE,55.94347005154207,-3.1898298574713855,2173.342650414028,2298.9118498401895
55.94347005154207,-3.1898298574713855,WSW,55.94335524651236,-3.190107021331139,2173.342650414028,2297.6618498401895
55.94335524651236,-3.190107021331139,E,55.94335524651236,-3.1898070213311387,2173.342650414028,2296.4118498401895
55.94335524651236,-3.1898070213311387,NNE,55.94363241037212,-3.189692216301429,2173.342650414028,2295.1618498401895
55.94363241037212,-3.189692216301429,NE,55.943844542406474,-3.1894800842670734,2173.342650414028,2293.9118498401895
55.943844542406474,-3.1894800842670734,NE,55.94405667444083,-3.1892679522327176,2173.342650414028,2292.6618498401895
55.94405667444083,-3.1892679522327176,WNW,55.94417147947054,-3.189545116092471,2173.342650414028,2291.4118498401895
55.94417147947054,-3.189545116092471,NNW,55.9444486433303,-3.1896599211221806,2173.342650414028,2290.1618498401895
55.9444486433303,-3.1896599211221806,NNW,55.94472580719005,-3.18977472615189,2173.342650414028,2288.9118498401895
55.94472580719005,-3.18977472615189,SE,55.9445136751557,-3.1895625941175343,2173.342650414028,2287.6618498401895
55.9445136751557,-3.1895625941175343,SSW,55.94423651129594,-3.189677399147244,2173.342650414028,2286.4118498401895
55.94423651129594,-3.189677399147244,WSW,55.94412170626623,-3.189954563006997,2173.342650414028,2285.1618498401895
55.94412170626623,-3.189954563006997,E,55.94412170626623,-3.189654563006997,2173.342650414028,2283.9118498401895
55.94412170626623,-3.189654563006997,WSW,55.94400690123652,-3.1899317268667504,2173.342650414028,2282.6618498401895
55.94400690123652,-3.1899317268667504,S,55.94370690123652,-3.1899317268667504,2173.342650414028,2281.4118498401895
55.94370690123652,-3.1899317268667504,NW,55.94391903327087,-3.190143858901106,2173.342650414028,2280.1618498401895
55.94391903327087,-3.190143858901106,SW,55.94370690123652,-3.190355990935462,2173.342650414028,2278.9118498401895
55.94370690123652,-3.190355990935462,E,55.94370690123652,-3.1900559909354618,2173.342650414028,2277.6618498401895
55.94370690123652,-3.1900559909354618,SSW,55.94342973737676,-3.1901707959651713,2173.342650414028,2276.4118498401895
55.94342973737676,-3.1901707959651713,WNW,55.94354454240647,-3.1904479598249247,2173.342650414028,2275.1618498401895
55.94354454240647,-3.1904479598249247,SSE,55.943267378546714,-3.190333154795215,2173.342650414028,2273.9118498401895
55.943267378546714,-3.190333154795215,SSW,55.94299021468696,-3.1904479598249247,2173.342650414028,2272.6618498401895
55.94299021468696,-3.1904479598249247,SSW,55.9427130508272,-3.190562764854634,2173.342650414028,2271.4118498401895
55.9427130508272,-3.190562764854634,E,55.9427130508272,-3.190262764854634,2173.342650414028,2270.1618498401895
55.9427130508272,-3.190262764854634,ENE,55.94282785585691,-3.1899856009948806,2173.342650414028,2268.9118498401895
55.94282785585691,-3.1899856009948806,ESE,55.9427130508272,-3.189708437135127,2173.342650414028,2267.6618498401895
55.9427130508272,-3.189708437135127,E,55.9427130508272,-3.189408437135127,2173.342650414028,2266.4118498401895
55.9427130508272,-3.189408437135127,WNW,55.94282785585691,-3.1896856009948804,2173.342650414028,2265.1618498401895
55.94282785585691,-3.1896856009948804,ESE,55.9427130508272,-3.189408437135127,2173.342650414028,2263.9118498401895
55.9427130508272,-3.189408437135127,W,55.9427130508272,-3.189708437135127,2173.342650414028,2262.6618498401895
55.9427130508272,-3.189708437135127,NW,55.94292518286156,-3.189920569169483,2173.342650414028,2261.4118498401895
55.94292518286156,-3.189920569169483,N,55.94322518286156,-3.189920569169483,2173.342650414028,2260.1618498401895
55.94322518286156,-3.189920569169483,NW,55.94343731489592,-3.1901327012038387,2173.342650414028,2258.9118498401895
55.94343731489592,-3.1901327012038387,NW,55.94364944693027,-3.1903448332381945,2173.342650414028,2257.6618498401895
55.94364944693027,-3.1903448332381945,SSW,55.94337228307052,-3.190459638267904,2173.342650414028,2256.4118498401895
55.94337228307052,-3.190459638267904,SSE,55.94309511921076,-3.1903448332381945,2173.342650414028,2255.1618498401895
55.94309511921076,-3.1903448332381945,S,55.94279511921076,-3.1903448332381945,2173.342650414028,2253.9118498401895
55.94279511921076,-3.1903448332381945,E,55.94279511921076,-3.1900448332381943,2173.342650414028,2252.6618498401895
55.94279511921076,-3.1900448332381943,N,55.94309511921076,-3.1900448332381943,2173.342650414028,2251.4118498401895
55.94309511921076,-3.1900448332381943,ESE,55.94298031418105,-3.189767669378441,2173.342650414028,2250.1618498401895
55.94298031418105,-3.189767669378441,SSE,55.94270315032129,-3.1896528643487314,2173.342650414028,2248.9118498401895
55.94270315032129,-3.1896528643487314,E,55.94270315032129,-3.189352864348731,2173.342650414028,2247.6618498401895
55.94270315032129,-3.189352864348731,NE,55.94291528235565,-3.1891407323143754,2173.342650414028,2246.4118498401895
55.94291528235565,-3.1891407323143754,SSE,55.94263811849589,-3.189025927284666,2173.342650414028,2245.1618498401895
55.94263811849589,-3.189025927284666,NNE,55.94291528235565,-3.1889111222549564,2173.342650414028,2243.9118498401895
55.94291528235565,-3.1889111222549564,ESE,55.94280047732594,-3.188633958395203,2173.342650414028,2242.6618498401895
55.94280047732594,-3.188633958395203,NNW,55.943077641185695,-3.1887487634249125,2173.342650414028,2241.4118498401895
55.943077641185695,-3.1887487634249125,S,55.94277764118569,-3.1887487634249125,2173.342650414028,2240.1618498401895
55.94277764118569,-3.1887487634249125,WNW,55.9428924462154,-3.189025927284666,2173.342650414028,2238.9118498401895
55.9428924462154,-3.189025927284666,ESE,55.94277764118569,-3.1887487634249125,2173.342650414028,2237.6618498401895
55.94277764118569,-3.1887487634249125,WNW,55.9428924462154,-3.189025927284666,2173.342650414028,2236.4118498401895
55.9428924462154,-3.189025927284666,WNW,55.94300725124511,-3.1893030911444193,2173.342650414028,2235.1618498401895