55.944425,-3.188396,N,55.944725000000005,-3.188396,92.80109716850814,258.77068933465733
55.944725000000005,-3.188396,SW,55.94451286796565,-3.188608132034356,92.80109716850814,257.52068933465733
55.94451286796565,-3.188608132034356,SW,55.94430073593129,-3.1888202640687116,128.8729032782293,350.7718914543362
55.94430073593129,-3.1888202640687116,S,55.94400073593129,-3.1888202640687116,223.56495266441405,463.3154534815607
55.94400073593129,-3.1888202640687116,SW,55.943788603896934,-3.1890323961030673,323.9463403774455,487.4855707665999
55.943788603896934,-3.1890323961030673,WNW,55.943903408926644,-3.1893095599628207,323.9463403774455,486.2355707665999
55.943903408926644,-3.1893095599628207,WNW,55.944018213956355,-3.189586723822574,349.1642773792732,495.98043514503206
55.944018213956355,-3.189586723822574,WNW,55.944133018986065,-3.1898638876823275,349.1642773792732,494.73043514503206
55.944133018986065,-3.1898638876823275,WNW,55.944247824015775,-3.190141051542081,349.1642773792732,493.48043514503206
55.944247824015775,-3.190141051542081,SSE,55.94397066015602,-3.1900262465123714,349.1642773792732,492.23043514503206
55.94397066015602,-3.1900262465123714,NW,55.944182792190375,-3.190238378546727,349.1642773792732,490.98043514503206
55.944182792190375,-3.190238378546727,WNW,55.944297597220086,-3.1905155424064806,349.1642773792732,489.73043514503206
55.944297597220086,-3.1905155424064806,WNW,55.944412402249796,-3.190792706266234,349.1642773792732,488.48043514503206
55.944412402249796,-3.190792706266234,WNW,55.944527207279506,-3.1910698701259874,389.0534244370065,574.4268383803733
55.944527207279506,-3.1910698701259874,SSW,55.94425004341975,-3.191184675155697,389.0534244370065,573.1768383803733
55.94425004341975,-3.191184675155697,SSW,55.94397287955999,-3.1912994801854064,389.0534244370065,571.9268383803733
55.94397287955999,-3.1912994801854064,WSW,55.94385807453028,-3.19157664404516,389.0534244370065,570.6768383803733
55.94385807453028,-3.19157664404516,SSW,55.943580910670526,-3.1916914490748693,445.2031369809204,597.3168850456767
55.943580910670526,-3.1916914490748693,SSE,55.94330374681077,-3.19157664404516,558.3678000933674,600.9096130580969
55.94330374681077,-3.19157664404516,SSE,55.94302658295101,-3.1914618390154503,558.3678000933674,599.6596130580969
55.94302658295101,-3.1914618390154503,SSE,55.94274941909126,-3.191347033985741,598.0091145411664,718.6242828139336
55.94274941909126,-3.191347033985741,ESE,55.94263461406155,-3.1910698701259874,598.0091145411664,717.3742828139336
55.94263461406155,-3.1910698701259874,E,55.94263461406155,-3.1907698701259872,643.5337517322032,736.8932537916603
55.94263461406155,-3.1907698701259872,WNW,55.94274941909126,-3.1910470339857406,643.5337517322032,735.6432537916603
55.94274941909126,-3.1910470339857406,NW,55.94296155112561,-3.1912591660200964,643.5337517322032,734.3932537916603
55.94296155112561,-3.1912591660200964,WNW,55.94307635615532,-3.19153632987985,643.5337517322032,733.1432537916603
55.94307635615532,-3.19153632987985,NW,55.94328848818968,-3.1917484619142056,643.5337517322032,731.8932537916603
55.94328848818968,-3.1917484619142056,WNW,55.94340329321939,-3.192025625773959,744.0310053326193,776.8467993458582
55.94340329321939,-3.192025625773959,N,55.94370329321939,-3.192025625773959,744.0310053326193,775.5967993458582
55.94370329321939,-3.192025625773959,NNW,55.94398045707915,-3.1921404308036685,779.6872332258345,887.1895135376226
55.94398045707915,-3.1921404308036685,NNE,55.944257620938906,-3.192025625773959,779.6872332258345,885.9395135376226
55.944257620938906,-3.192025625773959,NNE,55.94453478479866,-3.1919108207442495,779.6872332258345,884.6895135376226
55.94453478479866,-3.1919108207442495,NNW,55.94481194865842,-3.192025625773959,779.6872332258345,883.4395135376226
55.94481194865842,-3.192025625773959,N,55.94511194865842,-3.192025625773959,779.6872332258345,882.1895135376226
55.94511194865842,-3.192025625773959,NE,55.94532408069278,-3.191813493739603,779.6872332258345,880.9395135376226
55.94532408069278,-3.191813493739603,NNE,55.945601244552535,-3.1916986887098937,873.1045976335835,931.6097228118688
55.945601244552535,-3.1916986887098937,NNE,55.94587840841229,-3.191583883680184,873.1045976335835,930.3597228118688
55.94587840841229,-3.191583883680184,NE,55.94609054044665,-3.1913717516458284,873.6894289214069,1011.7571465670417
55.94609054044665,-3.1913717516458284,E,55.94609054044665,-3.1910717516458282,976.4806359689693,1069.4368853440715
55.94609054044665,-3.1910717516458282,ESE,55.94597573541694,-3.190794587786075,1052.152233383412,1105.7339010437945
55.94597573541694,-3.190794587786075,ESE,55.94586093038723,-3.1905174239263214,1052.152233383412,1104.4839010437945
55.94586093038723,-3.1905174239263214,E,55.94586093038723,-3.1902174239263212,1052.152233383412,1103.2339010437945
55.94586093038723,-3.1902174239263212,ESE,55.945746125357516,-3.189940260066568,1052.152233383412,1101.9839010437945
55.945746125357516,-3.189940260066568,E,55.945746125357516,-3.1896402600665676,1052.152233383412,1100.7339010437945
55.945746125357516,-3.1896402600665676,SE,55.94553399332316,-3.189428128032212,1052.152233383412,1099.4839010437945
55.94553399332316,-3.189428128032212,E,55.94553399332316,-3.1891281280322117,1084.2688995626297,1190.0017721283455
55.94553399332316,-3.1891281280322117,E,55.94553399332316,-3.1888281280322115,1084.2688995626297,1188.7517721283455
55.94553399332316,-3.1888281280322115,ESE,55.94541918829345,-3.188550964172458,1084.2688995626297,1187.5017721283455
55.94541918829345,-3.188550964172458,E,55.94541918829345,-3.188250964172458,1084.2688995626297,1186.2517721283455
55.94541918829345,-3.188250964172458,ENE,55.94553399332316,-3.1879738003127045,1084.2688995626297,1185.0017721283455
55.94553399332316,-3.1879738003127045,ENE,55.94564879835287,-3.187696636452951,1084.2688995626297,1183.7517721283455
55.94564879835287,-3.187696636452951,ENE,55.94576360338258,-3.1874194725931977,1112.7000170323918,1304.5361683602875
55.94576360338258,-3.1874194725931977,N,55.94606360338258,-3.1874194725931977,1209.9281977583214,1395.9574201620298
55.94606360338258,-3.1874194725931977,SW,55.94585147134823,-3.1876316046275535,1209.9281977583214,1394.7074201620298
55.94585147134823,-3.1876316046275535,NE,55.94606360338258,-3.1874194725931977,1255.4430419903542,1489.4692819020704
55.94606360338258,-3.1874194725931977,SE,55.94585147134823,-3.187207340558842,1255.4430419903542,1488.2192819020704
55.94585147134823,-3.187207340558842,SSE,55.94557430748847,-3.1870925355291324,1255.4430419903542,1486.9692819020704
55.94557430748847,-3.1870925355291324,ESE,55.94545950245876,-3.186815371669379,1255.4430419903542,1485.7192819020704
55.94545950245876,-3.186815371669379,ESE,55.94534469742905,-3.1865382078096256,1285.5596829574924,1575.1378438394315
55.94534469742905,-3.1865382078096256,WSW,55.94522989239934,-3.186815371669379,1285.5596829574924,1573.8878438394315
55.94522989239934,-3.186815371669379,WSW,55.94511508736963,-3.1870925355291324,1285.5596829574924,1572.6378438394315
55.94511508736963,-3.1870925355291324,SW,55.94490295533527,-3.187304667563488,1370.2063908216394,1693.7998560945443
55.94490295533527,-3.187304667563488,SSE,55.94462579147552,-3.1871898625337787,1370.2063908216394,1692.5498560945443
55.94462579147552,-3.1871898625337787,SE,55.94441365944116,-3.186977730499423,1490.6068502128614,1788.1497271970845
55.94441365944116,-3.186977730499423,ESE,55.94429885441145,-3.1867005666396695,1490.6068502128614,1786.8997271970845
55.94429885441145,-3.1867005666396695,ESE,55.94418404938174,-3.186423402779916,1578.6062386631534,1838.4732418009053
55.94418404938174,-3.186423402779916,ESE,55.94406924435203,-3.1861462389201627,1645.5848818112524,1918.6969803207164
55.94406924435203,-3.1861462389201627,SSE,55.94379208049227,-3.186031433890453,1645.5848818112524,1917.4469803207164
55.94379208049227,-3.186031433890453,S,55.94349208049227,-3.186031433890453,1645.5848818112524,1916.1969803207164
55.94349208049227,-3.186031433890453,SSE,55.94321491663251,-3.1859166288607437,1645.5848818112524,1914.9469803207164
55.94321491663251,-3.1859166288607437,S,55.94291491663251,-3.1859166288607437,1678.8593734155374,2015.8809647486855
55.94291491663251,-3.1859166288607437,SW,55.942702784598154,-3.1861287608950994,1722.5660893088716,2075.283428187884
55.942702784598154,-3.1861287608950994,W,55.942702784598154,-3.1864287608950996,1728.2000180853,2174.6193045712917
55.942702784598154,-3.1864287608950996,NNE,55.94297994845791,-3.18631395586539,1751.8336453088093,2184.88899077368
55.94297994845791,-3.18631395586539,ESE,55.9428651434282,-3.1860367920056367,1751.8336453088093,2183.63899077368
55.9428651434282,-3.1860367920056367,ESE,55.94275033839849,-3.1857596281458833,1830.1174881239194,2223.7195763484683
55.94275033839849,-3.1857596281458833,E,55.94275033839849,-3.185459628145883,1853.9567916955282,2303.719650261445
55.94275033839849,-3.185459628145883,NNE,55.943027502258246,-3.1853448231161736,1853.9567916955282,2302.469650261445
55.943027502258246,-3.1853448231161736,NNE,55.943304666118,-3.185230018086464,1853.9567916955282,2301.219650261445
55.943304666118,-3.185230018086464,N,55.943604666118006,-3.185230018086464,1853.9567916955282,2299.969650261445
55.943604666118006,-3.185230018086464,NNE,55.94388182997776,-3.1851152130567546,1853.9567916955282,2298.719650261445
55.94388182997776,-3.1851152130567546,N,55.944181829977765,-3.1851152130567546,1853.9567916955282,2297.469650261445
55.944181829977765,-3.1851152130567546,NNE,55.94445899383752,-3.185000408027045,1928.4917196195645,2303.16834358133
55.94445899383752,-3.185000408027045,NNE,55.94473615769728,-3.1848856029973356,1928.4917196195645,2301.91834358133
55.94473615769728,-3.1848856029973356,ENE,55.94485096272699,-3.184608439137582,1928.4917196195645,2300.66834358133
55.94485096272699,-3.184608439137582,ESE,55.94473615769728,-3.1843312752778288,1928.4917196195645,2299.41834358133
55.94473615769728,-3.1843312752778288,S,55.944436157697275,-3.1843312752778288,1974.4193586606702,2406.644887112959
55.944436157697275,-3.1843312752778288,N,55.94473615769728,-3.1843312752778288,1974.4193586606702,2405.394887112959
55.94473615769728,-3.1843312752778288,N,55.94503615769728,-3.1843312752778288,1974.4193586606702,2404.144887112959
55.94503615769728,-3.1843312752778288,N,55.945336157697284,-3.1843312752778288,1974.4193586606702,2402.894887112959
55.945336157697284,-3.1843312752778288,NNW,55.94561332155704,-3.1844460803075383,2060.0280060057385,2465.4167800067016
55.94561332155704,-3.1844460803075383,WSW,55.94549851652733,-3.1847232441672917,2060.0280060057385,2464.1667800067016
55.94549851652733,-3.1847232441672917,W,55.94549851652733,-3.185023244167292,2060.0280060057385,2462.9167800067016
55.94549851652733,-3.185023244167292,W,55.94549851652733,-3.185323244167292,2060.0280060057385,2461.6667800067016
55.94549851652733,-3.185323244167292,W,55.94549851652733,-3.1856232441672923,2060.0280060057385,2460.4167800067016
55.94549851652733,-3.1856232441672923,W,55.94549851652733,-3.1859232441672924,2060.0280060057385,2459.1667800067016
55.94549851652733,-3.1859232441672924,SSE,55.94522135266757,-3.185808439137583,2060.0280060057385,2457.9167800067016
55.94522135266757,-3.185808439137583,SW,55.94500922063322,-3.1860205711719387,2060.0280060057385,2456.6667800067016
55.94500922063322,-3.1860205711719387,WNW,55.94512402566293,-3.186297735031692,2060.0280060057385,2455.4167800067016
55.94512402566293,-3.186297735031692,WNW,55.94523883069264,-3.1865748988914455,2060.0280060057385,2454.1667800067016
55.94523883069264,-3.1865748988914455,WNW,55.94535363572235,-3.186852062751199,2060.0280060057385,2452.9167800067016
55.94535363572235,-3.186852062751199,WNW,55.94546844075206,-3.1871292266109523,2060.0280060057385,2451.6667800067016
55.94546844075206,-3.1871292266109523,W,55.94546844075206,-3.1874292266109525,2060.0280060057385,2450.4167800067016
55.94546844075206,-3.1874292266109525,E,55.94546844075206,-3.1871292266109523,2060.0280060057385,2449.1667800067016
55.94546844075206,-3.1871292266109523,W,55.94546844075206,-3.1874292266109525,2060.0280060057385,2447.9167800067016
55.94546844075206,-3.1874292266109525,WNW,55.94558324578177,-3.187706390470706,2060.0280060057385,2446.6667800067016
55.94558324578177,-3.187706390470706,W,55.94558324578177,-3.188006390470706,2161.721393582755,2535.0096953231396
55.94558324578177,-3.188006390470706,NNE,55.945860409641526,-3.1878915854409966,2161.721393582755,2533.7596953231396
55.945860409641526,-3.1878915854409966,SSW,55.94558324578177,-3.188006390470706,2161.721393582755,2532.5096953231396
55.94558324578177,-3.188006390470706,NNE,55.945860409641526,-3.1878915854409966,2161.721393582755,2531.2596953231396
55.945860409641526,-3.1878915854409966,SSW,55.94558324578177,-3.188006390470706,2161.721393582755,2530.0096953231396
55.94558324578177,-3.188006390470706,E,55.94558324578177,-3.187706390470706,2161.721393582755,2528.7596953231396
55.94558324578177,-3.187706390470706,W,55.94558324578177,-3.188006390470706,2161.721393582755,2527.5096953231396
55.94558324578177,-3.188006390470706,NNE,55.945860409641526,-3.1878915854409966,2161.721393582755,2526.2596953231396
55.945860409641526,-3.1878915854409966,SSW,55.94558324578177,-3.188006390470706,2161.721393582755,2525.0096953231396
55.94558324578177,-3.188006390470706,SW,55.94537111374741,-3.188218522505062,2161.721393582755,2523.7596953231396
55.94537111374741,-3.188218522505062,WNW,55.94548591877712,-3.1884956863648153,2161.721393582755,2522.5096953231396
55.94548591877712,-3.1884956863648153,WNW,55.945600723806834,-3.1887728502245687,2248.8640428946237,2645.759281857414
55.945600723806834,-3.1887728502245687,WSW,55.94548591877712,-3.189050014084322,2248.8640428946237,2644.509281857414
55.94548591877712,-3.189050014084322,WSW,55.94537111374741,-3.1893271779440755,2248.8640428946237,2643.259281857414
55.94537111374741,-3.1893271779440755,WSW,55.9452563087177,-3.189604341803829,2248.8640428946237,2642.009281857414
55.9452563087177,-3.189604341803829,WSW,55.94514150368799,-3.1898815056635823,2248.8640428946237,2640.759281857414
55.94514150368799,-3.1898815056635823,WSW,55.94502669865828,-3.1901586695233357,2248.8640428946237,2639.509281857414
55.94502669865828,-3.1901586695233357,SE,55.944814566623926,-3.18994653748898,2248.8640428946237,2638.259281857414
55.944814566623926,-3.18994653748898,N,55.94511456662393,-3.18994653748898,2248.8640428946237,2637.009281857414
55.94511456662393,-3.18994653748898,WSW,55.94499976159422,-3.1902237013487333,2248.8640428946237,2635.759281857414
55.94499976159422,-3.1902237013487333,SW,55.94478762955986,-3.190435833383089,2248.8640428946237,2634.509281857414
55.94478762955986,-3.190435833383089,WSW,55.94467282453015,-3.1907129972428425,2248.8640428946237,2633.259281857414
55.94467282453015,-3.1907129972428425,WSW,55.94455801950044,-3.190990161102596,2254.897660776274,2736.4244842747603
55.94455801950044,-3.190990161102596,N,55.944858019500444,-3.190990161102596,2254.897660776274,2735.1744842747603
55.944858019500444,-3.190990161102596,S,55.94455801950044,-3.190990161102596,2254.897660776274,2733.9244842747603
55.94455801950044,-3.190990161102596,N,55.944858019500444,-3.190990161102596,2254.897660776274,2732.6744842747603
55.944858019500444,-3.190990161102596,S,55.94455801950044,-3.190990161102596,2254.897660776274,2731.4244842747603
55.94455801950044,-3.190990161102596,W,55.94455801950044,-3.191290161102596,2254.897660776274,2730.1744842747603
55.94455801950044,-3.191290161102596,E,55.94455801950044,-3.190990161102596,2254.897660776274,2728.9244842747603
55.94455801950044,-3.190990161102596,N,55.944858019500444,-3.190990161102596,2254.897660776274,2727.6744842747603
55.944858019500444,-3.190990161102596,S,55.94455801950044,-3.190990161102596,2254.897660776274,2726.4244842747603
55.94455801950044,-3.190990161102596,ESE,55.94444321447073,-3.1907129972428425,2254.897660776274,2725.1744842747603
55.94444321447073,-3.1907129972428425,S,55.94414321447073,-3.1907129972428425,2254.897660776274,2723.9244842747603
55.94414321447073,-3.1907129972428425,WNW,55.94425801950044,-3.190990161102596,2254.897660776274,2722.6744842747603
55.94425801950044,-3.190990161102596,ENE,55.94437282453015,-3.1907129972428425,2254.897660776274,2721.4244842747603
55.94437282453015,-3.1907129972428425,SSW,55.94409566067039,-3.190827802272552,2254.897660776274,2720.1744842747603
55.94409566067039,-3.190827802272552,SE,55.943883528636036,-3.1906156702381963,2254.897660776274,2718.9244842747603
55.943883528636036,-3.1906156702381963,NNW,55.94416069249579,-3.1907304752679058,2254.897660776274,2717.6744842747603
55.94416069249579,-3.1907304752679058,NW,55.94437282453015,-3.1909426073022615,2254.897660776274,2716.4244842747603
55.94437282453015,-3.1909426073022615,W,55.94437282453015,-3.1912426073022617,2254.897660776274,2715.1744842747603
55.94437282453015,-3.1912426073022617,S,55.944072824530146,-3.1912426073022617,2254.897660776274,2713.9244842747603
55.944072824530146,-3.1912426073022617,NNW,55.9443499883899,-3.1913574123319712,2254.897660776274,2712.6744842747603
55.9443499883899,-3.1913574123319712,SW,55.944137856355546,-3.191569544366327,2254.897660776274,2711.4244842747603
55.944137856355546,-3.191569544366327,ESE,55.944023051325836,-3.1912923805065736,2254.897660776274,2710.1744842747603
55.944023051325836,-3.1912923805065736,NNE,55.94430021518559,-3.191177575476864,2254.897660776274,2708.9244842747603
55.94430021518559,-3.191177575476864,NE,55.94451234721995,-3.1909654434425083,2254.897660776274,2707.6744842747603
55.94451234721995,-3.1909654434425083,SSE,55.94423518336019,-3.190850638412799,2254.897660776274,2706.4244842747603
55.94423518336019,-3.190850638412799,W,55.94423518336019,-3.191150638412799,2254.897660776274,2705.1744842747603
55.94423518336019,-3.191150638412799,ENE,55.9443499883899,-3.1908734745530456,2254.897660776274,2703.9244842747603
55.9443499883899,-3.1908734745530456,SE,55.944137856355546,-3.19066134251869,2254.897660776274,2702.6744842747603
55.944137856355546,-3.19066134251869,W,55.944137856355546,-3.19096134251869,2254.897660776274,2701.4244842747603
55.944137856355546,-3.19096134251869,NE,55.9443499883899,-3.1907492104843342,2254.897660776274,2700.1744842747603
55.9443499883899,-3.1907492104843342,SSW,55.944072824530146,-3.1908640155140437,2254.897660776274,2698.9244842747603
55.944072824530146,-3.1908640155140437,S,55.94377282453014,-3.1908640155140437,2254.897660776274,2697.6744842747603
55.94377282453014,-3.1908640155140437,W,55.94377282453014,-3.191164015514044,2254.897660776274,2696.4244842747603
55.94377282453014,-3.191164015514044,ESE,55.94365801950043,-3.1908868516542905,2254.897660776274,2695.1744842747603
55.94365801950043,-3.1908868516542905,SSE,55.943380855640676,-3.190772046624581,2254.897660776274,2693.9244842747603
55.943380855640676,-3.190772046624581,SSE,55.94310369178092,-3.1906572415948715,2254.897660776274,2692.6744842747603
55.94310369178092,-3.1906572415948715,SSW,55.94282652792116,-3.190772046624581,2254.897660776274,2691.4244842747603
55.94282652792116,-3.190772046624581,ESE,55.94271172289145,-3.1904948827648276,2254.897660776274,2690.1744842747603
55.94271172289145,-3.1904948827648276,W,55.94271172289145,-3.190794882764828,2254.897660776274,2688.9244842747603
55.94271172289145,-3.190794882764828,N,55.943011722891455,-3.190794882764828,2254.897660776274,2687.6744842747603
55.943011722891455,-3.190794882764828,W,55.943011722891455,-3.191094882764828,2254.897660776274,2686.4244842747603
55.943011722891455,-3.191094882764828,SSE,55.9427345590317,-3.1909800777351185,2254.897660776274,2685.1744842747603
55.9427345590317,-3.1909800777351185,NE,55.942946691066055,-3.1907679457007627,2254.897660776274,2683.9244842747603
55.942946691066055,-3.1907679457007627,N,55.94324669106606,-3.1907679457007627,2254.897660776274,2682.6744842747603
55.94324669106606,-3.1907679457007627,S,55.942946691066055,-3.1907679457007627,2254.897660776274,2681.4244842747603
55.942946691066055,-3.1907679457007627,NNW,55.94322385492581,-3.1908827507304722,2254.897660776274,2680.1744842747603
55.94322385492581,-3.1908827507304722,SE,55.943011722891455,-3.1906706186961165,2254.897660776274,2678.9244842747603
55.943011722891455,-3.1906706186961165,N,55.94331172289146,-3.1906706186961165,2254.897660776274,2677.6744842747603
55.94331172289146,-3.1906706186961165,S,55.943011722891455,-3.1906706186961165,2254.897660776274,2676.4244842747603
55.943011722891455,-3.1906706186961165,WNW,55.943126527921166,-3.19094778255587,2254.897660776274,2675.1744842747603
55.943126527921166,-3.19094778255587,W,55.943126527921166,-3.19124778255587,2254.897660776274,2673.9244842747603
55.943126527921166,-3.19124778255587,SE,55.94291439588681,-3.1910356505215143,2254.897660776274,2672.6744842747603
55.94291439588681,-3.1910356505215143,ENE,55.94302920091652,-3.190758486661761,2254.897660776274,2671.4244842747603
55.94302920091652,-3.190758486661761,NW,55.943241332950876,-3.1909706186961166,2254.897660776274,2670.1744842747603
55.943241332950876,-3.1909706186961166,E,55.943241332950876,-3.1906706186961165,2254.897660776274,2668.9244842747603
55.943241332950876,-3.1906706186961165,NE,55.94345346498523,-3.1904584866617607,2254.897660776274,2667.6744842747603
55.94345346498523,-3.1904584866617607,NW,55.94366559701959,-3.1906706186961165,2254.897660776274,2666.4244842747603
55.94366559701959,-3.1906706186961165,SSW,55.94338843315983,-3.190785423725826,2254.897660776274,2665.1744842747603
55.94338843315983,-3.190785423725826,SE,55.943176301125476,-3.19057329169147,2254.897660776274,2663.9244842747603
55.943176301125476,-3.19057329169147,NNE,55.94345346498523,-3.1904584866617607,2254.897660776274,2662.6744842747603
55.94345346498523,-3.1904584866617607,S,55.94315346498523,-3.1904584866617607,2254.897660776274,2661.4244842747603
55.94315346498523,-3.1904584866617607,NE,55.943365597019586,-3.190246354627405,2254.897660776274,2660.1744842747603
55.943365597019586,-3.190246354627405,NNE,55.94364276087934,-3.1901315495976954,2254.897660776274,2658.9244842747603
55.94364276087934,-3.1901315495976954,NNE,55.9439199247391,-3.190016744567986,2254.897660776274,2657.6744842747603
55.9439199247391,-3.190016744567986,E,55.9439199247391,-3.1897167445679857,2254.897660776274,2656.4244842747603
55.9439199247391,-3.1897167445679857,ESE,55.94380511970939,-3.1894395807082323,2254.897660776274,2655.1744842747603
55.94380511970939,-3.1894395807082323,WNW,55.9439199247391,-3.1897167445679857,2254.897660776274,2653.9244842747603
55.9439199247391,-3.1897167445679857,E,55.9439199247391,-3.1894167445679855,2254.897660776274,2652.6744842747603
55.9439199247391,-3.1894167445679855,SSW,55.94364276087934,-3.189531549597695,2254.897660776274,2651.4244842747603
55.94364276087934,-3.189531549597695,NNE,55.9439199247391,-3.1894167445679855,2254.897660776274,2650.1744842747603
55.9439199247391,-3.1894167445679855,NNW,55.944197088598855,-3.189531549597695,2254.897660776274,2648.9244842747603
55.944197088598855,-3.189531549597695,NNW,55.94447425245861,-3.1896463546274045,2254.897660776274,2647.6744842747603
55.94447425245861,-3.1896463546274045,SW,55.944262120424256,-3.1898584866617603,2254.897660776274,2646.4244842747603
55.944262120424256,-3.1898584866617603,NNW,55.94453928428401,-3.18997329169147,2254.897660776274,2645.1744842747603
55.94453928428401,-3.18997329169147,NNW,55.94481644814377,-3.1900880967211793,2254.897660776274,2643.9244842747603
55.94481644814377,-3.1900880967211793,E,55.94481644814377,-3.189788096721179,2254.897660776274,2642.6744842747603
55.94481644814377,-3.189788096721179,W,55.94481644814377,-3.1900880967211793,2254.897660776274,2641.4244842747603
55.94481644814377,-3.1900880967211793,NNW,55.945093612003525,-3.190202901750889,2254.897660776274,2640.1744842747603
55.945093612003525,-3.190202901750889,SSW,55.94481644814377,-3.1903177067805983,2254.897660776274,2638.9244842747603
55.94481644814377,-3.1903177067805983,S,55.944516448143766,-3.1903177067805983,2254.897660776274,2637.6744842747603
55.944516448143766,-3.1903177067805983,WSW,55.944401643114055,-3.1905948706403517,2254.897660776274,2636.4244842747603
55.944401643114055,-3.1905948706403517,SE,55.9441895110797,-3.190382738605996,2254.897660776274,2635.1744842747603
55.9441895110797,-3.190382738605996,SW,55.94397737904534,-3.1905948706403517,2254.897660776274,2633.9244842747603
55.94397737904534,-3.1905948706403517,NE,55.9441895110797,-3.190382738605996,2254.897660776274,2632.6744842747603
55.9441895110797,-3.190382738605996,NNW,55.944466674939456,-3.1904975436357055,2254.897660776274,2631.4244842747603
55.944466674939456,-3.1904975436357055,ENE,55.944581479969166,-3.190220379775952,2254.897660776274,2630.1744842747603
55.944581479969166,-3.190220379775952,SSE,55.94430431610941,-3.1901055747462426,2254.897660776274,2628.9244842747603
55.94430431610941,-3.1901055747462426,ENE,55.94441912113912,-3.189828410886489,2254.897660776274,2627.6744842747603
55.94441912113912,-3.189828410886489,WSW,55.94430431610941,-3.1901055747462426,2254.897660776274,2626.4244842747603
55.94430431610941,-3.1901055747462426,N,55.94460431610941,-3.1901055747462426,2254.897660776274,2625.1744842747603
55.94460431610941,-3.1901055747462426,SSW,55.944327152249656,-3.190220379775952,2254.897660776274,2623.9244842747603
55.944327152249656,-3.190220379775952,WNW,55.944441957279366,-3.1904975436357055,2254.897660776274,2622.6744842747603
55.944441957279366,-3.1904975436357055,NNW,55.94471912113912,-3.190612348665415,2254.897660776274,2621.4244842747603
55.94471912113912,-3.190612348665415,SE,55.94450698910477,-3.190400216631059,2254.897660776274,2620.1744842747603
55.94450698910477,-3.190400216631059,SE,55.94429485707041,-3.1901880845967034,2254.897660776274,2618.9244842747603
55.94429485707041,-3.1901880845967034,WNW,55.94440966210012,-3.190465248456457,2254.897660776274,2617.6744842747603
55.94440966210012,-3.190465248456457,WSW,55.94429485707041,-3.1907424123162103,2254.897660776274,2616.4244842747603
55.94429485707041,-3.1907424123162103,E,55.94429485707041,-3.19044241231621,2254.897660776274,2615.1744842747603
55.94429485707041,-3.19044241231621,NNW,55.94457202093017,-3.1905572173459196,2254.897660776274,2613.9244842747603
55.94457202093017,-3.1905572173459196,NE,55.94478415296452,-3.190345085311564,2254.897660776274,2612.6744842747603
55.94478415296452,-3.190345085311564,SW,55.94457202093017,-3.1905572173459196,2254.897660776274,2611.4244842747603
55.94457202093017,-3.1905572173459196,ESE,55.94445721590046,-3.190280053486166,2254.897660776274,2610.1744842747603
55.94445721590046,-3.190280053486166,E,55.94445721590046,-3.189980053486166,2254.897660776274,2608.9244842747603
55.94445721590046,-3.189980053486166,SSW,55.9441800520407,-3.1900948585158755,2254.897660776274,2607.6744842747603
55.9441800520407,-3.1900948585158755,W,55.9441800520407,-3.1903948585158757,2254.897660776274,2606.4244842747603
55.9441800520407,-3.1903948585158757,NW,55.944392184075056,-3.1906069905502314,2254.897660776274,2605.1744842747603
55.944392184075056,-3.1906069905502314,SSW,55.9441150202153,-3.190721795579941,2254.897660776274,2603.9244842747603
55.9441150202153,-3.190721795579941,S,55.9438150202153,-3.190721795579941,2254.897660776274,2602.6744842747603
55.9438150202153,-3.190721795579941,S,55.943515020215294,-3.190721795579941,2254.897660776274,2601.4244842747603
55.943515020215294,-3.190721795579941,WNW,55.943629825245004,-3.1909989594396944,2254.897660776274,2600.1744842747603
55.943629825245004,-3.1909989594396944,NNW,55.94390698910476,-3.191113764469404,2254.897660776274,2598.9244842747603
55.94390698910476,-3.191113764469404,NW,55.94411912113912,-3.1913258965037596,2254.897660776274,2597.6744842747603
55.94411912113912,-3.1913258965037596,ESE,55.94400431610941,-3.1910487326440062,2254.897660776274,2596.4244842747603
55.94400431610941,-3.1910487326440062,ESE,55.943889511079696,-3.190771568784253,2254.897660776274,2595.1744842747603
55.943889511079696,-3.190771568784253,WNW,55.94400431610941,-3.1910487326440062,2254.897660776274,2593.9244842747603
55.94400431610941,-3.1910487326440062,WNW,55.94411912113912,-3.1913258965037596,2254.897660776274,2592.6744842747603
55.94411912113912,-3.1913258965037596,N,55.94441912113912,-3.1913258965037596,2254.897660776274,2591.4244842747603
55.94441912113912,-3.1913258965037596,ESE,55.94430431610941,-3.1910487326440062,2254.897660776274,2590.1744842747603
55.94430431610941,-3.1910487326440062,W,55.94430431610941,-3.1913487326440064,2254.897660776274,2588.9244842747603
55.94430431610941,-3.1913487326440064,SSW,55.94402715224965,-3.191463537673716,2254.897660776274,2587.6744842747603
55.94402715224965,-3.191463537673716,ENE,55.94414195727936,-3.1911863738139625,2254.897660776274,2586.4244842747603
55.94414195727936,-3.1911863738139625,NW,55.94435408931372,-3.1913985058483183,2254.897660776274,2585.1744842747603