55.944425, -3.188396, WSW, 55.94431019497029. -3.1886731638597534, 46.293278177798925, 276.22946390667875
249,
55.94431019497029, -3.1886731638597534, WSW, 55.94419538994058. -3.188950327719507, 84.5304994852633, 329.4662212015782
248,
55.94419538994058, -3.188950327719507, SSW, 55.943918226080825. -3.1890651327492163, 136.58502854388502, 438.03915489634824
247,
55.943918226080825, -3.1890651327492163, NNW, 55.94419538994058. -3.189179937778926, 136.58502854388502, 436.78915489634824
246,
55.94419538994058, -3.189179937778926, SE, 55.943983257906226. -3.18896780574457, 136.58502854388502, 435.53915489634824
245,
55.943983257906226, -3.18896780574457, ESE, 55.943868452876515. -3.1886906418848167, 136.58502854388502, 434.28915489634824
244,
55.943868452876515, -3.1886906418848167, SSE, 55.94359128901676. -3.188575836855107, 136.58502854388502, 433.03915489634824
243,
55.94359128901676, -3.188575836855107, SW, 55.9433791569824. -3.188787968889463, 136.58502854388502, 431.78915489634824
242,
55.9433791569824, -3.188787968889463, SE, 55.943167024948046. -3.188575836855107, 218.96365971917305, 488.02230564387
241,
55.943167024948046, -3.188575836855107, WSW, 55.943052219918336. -3.1888530007148606, 286.5155714434194, 489.53641012618675
240,
55.943052219918336, -3.1888530007148606, E, 55.943052219918336. -3.1885530007148604, 286.5155714434194, 488.28641012618675
239,
55.943052219918336, -3.1885530007148604, W, 55.943052219918336. -3.1888530007148606, 286.5155714434194, 487.03641012618675
238,
55.943052219918336, -3.1888530007148606, WSW, 55.942937414888625. -3.189130164574614, 286.5155714434194, 485.78641012618675
237,
55.942937414888625, -3.189130164574614, SE, 55.94272528285427. -3.188918032540258, 286.5155714434194, 484.53641012618675
236,
55.94272528285427, -3.188918032540258, N, 55.94302528285427. -3.188918032540258, 286.5155714434194, 483.28641012618675
235,
55.94302528285427, -3.188918032540258, NNW, 55.94330244671403. -3.1890328375699677, 286.5155714434194, 482.03641012618675
234,
55.94330244671403, -3.1890328375699677, NE, 55.943514578748385. -3.188820705535612, 286.5155714434194, 480.78641012618675
233,
55.943514578748385, -3.188820705535612, SW, 55.94330244671403. -3.1890328375699677, 286.5155714434194, 479.53641012618675
232,
55.94330244671403, -3.1890328375699677, SE, 55.94309031467967. -3.188820705535612, 286.5155714434194, 478.28641012618675
231,
55.94309031467967, -3.188820705535612, ENE, 55.94320511970938. -3.1885435416758585, 286.5155714434194, 477.03641012618675
230,
55.94320511970938, -3.1885435416758585, SSW, 55.942927955849626. -3.188658346705568, 286.5155714434194, 475.78641012618675
229,
55.942927955849626, -3.188658346705568, SSW, 55.94265079198987. -3.1887731517352775, 286.5155714434194, 474.53641012618675
228,
55.94265079198987, -3.1887731517352775, E, 55.94265079198987. -3.1884731517352773, 286.5155714434194, 473.28641012618675
227,
55.94265079198987, -3.1884731517352773, E, 55.94265079198987. -3.188173151735277, 286.5155714434194, 472.03641012618675
226,
55.94265079198987, -3.188173151735277, ENE, 55.94276559701958. -3.1878959878755238, 286.5155714434194, 470.78641012618675
225,
55.94276559701958, -3.1878959878755238, W, 55.94276559701958. -3.188195987875524, 286.5155714434194, 469.53641012618675
224,
55.94276559701958, -3.188195987875524, ENE, 55.94288040204929. -3.1879188240157705, 286.5155714434194, 468.28641012618675
223,
55.94288040204929, -3.1879188240157705, ESE, 55.94276559701958. -3.187641660156017, 286.5155714434194, 467.03641012618675
222,
55.94276559701958, -3.187641660156017, WNW, 55.94288040204929. -3.1879188240157705, 286.5155714434194, 465.78641012618675
221,
55.94288040204929, -3.1879188240157705, E, 55.94288040204929. -3.1876188240157703, 286.5155714434194, 464.53641012618675
220,
55.94288040204929, -3.1876188240157703, SE, 55.942668270014934. -3.1874066919814146, 311.8137325049153, 531.0463816337336
219,
55.942668270014934, -3.1874066919814146, N, 55.94296827001494. -3.1874066919814146, 311.8137325049153, 529.7963816337336
218,
55.94296827001494, -3.1874066919814146, SW, 55.94275613798058. -3.1876188240157703, 311.8137325049153, 528.5463816337336
217,
55.94275613798058, -3.1876188240157703, ESE, 55.94264133295087. -3.187341660156017, 311.8137325049153, 527.2963816337336
216,
55.94264133295087, -3.187341660156017, E, 55.94264133295087. -3.1870416601560168, 387.26039543510115, 616.1369450334524
215,
55.94264133295087, -3.1870416601560168, W, 55.94264133295087. -3.187341660156017, 387.26039543510115, 614.8869450334524
214,
55.94264133295087, -3.187341660156017, N, 55.94294133295087. -3.187341660156017, 387.26039543510115, 613.6369450334524
213,
55.94294133295087, -3.187341660156017, SE, 55.94272920091652. -3.187129528121661, 387.26039543510115, 612.3869450334524
212,
55.94272920091652, -3.187129528121661, NE, 55.94294133295087. -3.1869173960873054, 387.26039543510115, 611.1369450334524
211,
55.94294133295087, -3.1869173960873054, S, 55.94264133295087. -3.1869173960873054, 387.26039543510115, 609.8869450334524
210,
55.94264133295087, -3.1869173960873054, NNW, 55.94291849681063. -3.187032201117015, 387.26039543510115, 608.6369450334524
209,
55.94291849681063, -3.187032201117015, NW, 55.94313062884498. -3.1872443331513707, 387.26039543510115, 607.3869450334524
208,
55.94313062884498, -3.1872443331513707, ESE, 55.94301582381527. -3.1869671692916173, 387.26039543510115, 606.1369450334524
207,
55.94301582381527, -3.1869671692916173, WNW, 55.94313062884498. -3.1872443331513707, 387.26039543510115, 604.8869450334524
206,
55.94313062884498, -3.1872443331513707, NE, 55.94334276087934. -3.187032201117015, 387.26039543510115, 603.6369450334524
205,
55.94334276087934, -3.187032201117015, N, 55.94364276087934. -3.187032201117015, 481.3497097726704, 645.0733257285801
204,
55.94364276087934, -3.187032201117015, NNE, 55.9439199247391. -3.1869173960873054, 563.2079452892112, 643.9558218750668
203,
55.9439199247391, -3.1869173960873054, W, 55.9439199247391. -3.1872173960873056, 563.2079452892112, 642.7058218750668
202,
55.9439199247391, -3.1872173960873056, SE, 55.94370779270474. -3.18700526405295, 563.2079452892112, 641.4558218750668
201,
55.94370779270474, -3.18700526405295, ENE, 55.94382259773445. -3.1867281001931964, 563.2079452892112, 640.2058218750668
200,
55.94382259773445, -3.1867281001931964, NW, 55.94403472976881. -3.186940232227552, 563.2079452892112, 638.9558218750668
199,
55.94403472976881, -3.186940232227552, E, 55.94403472976881. -3.186640232227552, 563.2079452892112, 637.7058218750668
198,
55.94403472976881, -3.186640232227552, NE, 55.944246861803165. -3.1864281001931962, 563.2079452892112, 636.4558218750668
197,
55.944246861803165, -3.1864281001931962, E, 55.944246861803165. -3.186128100193196, 563.2079452892112, 635.2058218750668
196,
55.944246861803165, -3.186128100193196, SE, 55.94403472976881. -3.1859159681588403, 563.2079452892112, 633.9558218750668
195,
55.94403472976881, -3.1859159681588403, SE, 55.94382259773445. -3.1857038361244845, 563.2079452892112, 632.7058218750668
194,
55.94382259773445, -3.1857038361244845, ENE, 55.94393740276416. -3.185426672264731, 563.2079452892112, 631.4558218750668
193,
55.94393740276416, -3.185426672264731, E, 55.94393740276416. -3.185126672264731, 591.1894857778653, 694.8715394407741
192,
55.94393740276416, -3.185126672264731, SSE, 55.94366023890441. -3.1850118672350214, 591.1894857778653, 693.6215394407741
191,
55.94366023890441, -3.1850118672350214, WSW, 55.9435454338747. -3.185289031094775, 591.1894857778653, 692.3715394407741
190,
55.9435454338747, -3.185289031094775, WSW, 55.943430628844986. -3.185566194954528, 591.1894857778653, 691.1215394407741
189,
55.943430628844986, -3.185566194954528, W, 55.943430628844986. -3.1858661949545284, 591.1894857778653, 689.8715394407741
188,
55.943430628844986, -3.1858661949545284, E, 55.943430628844986. -3.185566194954528, 591.1894857778653, 688.6215394407741
187,
55.943430628844986, -3.185566194954528, ESE, 55.943315823815276. -3.185289031094775, 591.1894857778653, 687.3715394407741
186,
55.943315823815276, -3.185289031094775, WNW, 55.943430628844986. -3.185566194954528, 591.1894857778653, 686.1215394407741
185,
55.943430628844986, -3.185566194954528, E, 55.943430628844986. -3.185266194954528, 591.1894857778653, 684.8715394407741
184,
55.943430628844986, -3.185266194954528, WSW, 55.943315823815276. -3.1855433588142814, 591.1894857778653, 683.6215394407741
183,
55.943315823815276, -3.1855433588142814, NNE, 55.94359298767503. -3.185428553784572, 591.1894857778653, 682.3715394407741
182,
55.94359298767503, -3.185428553784572, SSE, 55.943315823815276. -3.1853137487548624, 591.1894857778653, 681.1215394407741
181,
55.943315823815276, -3.1853137487548624, NNW, 55.94359298767503. -3.185428553784572, 591.1894857778653, 679.8715394407741
180,
55.94359298767503, -3.185428553784572, SE, 55.943380855640676. -3.185216421750216, 591.1894857778653, 678.6215394407741
179,
55.943380855640676, -3.185216421750216, ESE, 55.943266050610966. -3.1849392578904627, 591.1894857778653, 677.3715394407741
178,
55.943266050610966, -3.1849392578904627, SE, 55.94305391857661. -3.184727125856107, 647.7288360370056, 796.6287182271749
177,
55.94305391857661, -3.184727125856107, NNW, 55.943331082436366. -3.1848419308858165, 647.7288360370056, 795.3787182271749
176,
55.943331082436366, -3.1848419308858165, E, 55.943331082436366. -3.1845419308858163, 647.7288360370056, 794.1287182271749
175,
55.943331082436366, -3.1845419308858163, W, 55.943331082436366. -3.1848419308858165, 647.7288360370056, 792.8787182271749
174,
55.943331082436366, -3.1848419308858165, NNW, 55.94360824629612. -3.184956735915526, 647.7288360370056, 791.6287182271749
173,
55.94360824629612, -3.184956735915526, SW, 55.943396114261766. -3.1851688679498817, 647.7288360370056, 790.3787182271749
172,
55.943396114261766, -3.1851688679498817, SW, 55.94318398222741. -3.1853809999842375, 647.7288360370056, 789.1287182271749
171,
55.94318398222741, -3.1853809999842375, WSW, 55.9430691771977. -3.185658163843991, 647.7288360370056, 787.8787182271749
170,
55.9430691771977, -3.185658163843991, ESE, 55.94295437216799. -3.1853809999842375, 647.7288360370056, 786.6287182271749
169,
55.94295437216799, -3.1853809999842375, WNW, 55.9430691771977. -3.185658163843991, 647.7288360370056, 785.3787182271749
168,
55.9430691771977, -3.185658163843991, NE, 55.943281309232056. -3.185446031809635, 647.7288360370056, 784.1287182271749
167,
55.943281309232056, -3.185446031809635, ESE, 55.943166504202345. -3.1851688679498817, 647.7288360370056, 782.8787182271749
166,
55.943166504202345, -3.1851688679498817, ENE, 55.943281309232056. -3.1848917040901283, 647.7288360370056, 781.6287182271749
165,
55.943281309232056, -3.1848917040901283, SSE, 55.9430041453723. -3.184776899060419, 647.7288360370056, 780.3787182271749
164,
55.9430041453723, -3.184776899060419, E, 55.9430041453723. -3.1844768990604186, 647.7288360370056, 779.1287182271749
163,
55.9430041453723, -3.1844768990604186, WSW, 55.94288934034259. -3.184754062920172, 647.7288360370056, 777.8787182271749
162,
55.94288934034259, -3.184754062920172, SE, 55.94267720830823. -3.1845419308858163, 647.7288360370056, 776.6287182271749
161,
55.94267720830823, -3.1845419308858163, NNW, 55.94295437216799. -3.184656735915526, 647.7288360370056, 775.3787182271749
160,
55.94295437216799, -3.184656735915526, NNW, 55.943231536027746. -3.1847715409452353, 647.7288360370056, 774.1287182271749
159,
55.943231536027746, -3.1847715409452353, SE, 55.94301940399339. -3.1845594089108795, 647.7288360370056, 772.8787182271749
158,
55.94301940399339, -3.1845594089108795, SSW, 55.94274224013363. -3.184674213940589, 647.7288360370056, 771.6287182271749
157,
55.94274224013363, -3.184674213940589, WSW, 55.94262743510392. -3.1849513778003424, 647.7288360370056, 770.3787182271749
156,
55.94262743510392, -3.1849513778003424, E, 55.94262743510392. -3.1846513778003422, 647.7288360370056, 769.1287182271749
155,
55.94262743510392, -3.1846513778003422, NW, 55.94283956713828. -3.184863509834698, 647.7288360370056, 767.8787182271749
154,
55.94283956713828, -3.184863509834698, SW, 55.94262743510392. -3.185075641869054, 647.7288360370056, 766.6287182271749
153,
55.94262743510392, -3.185075641869054, E, 55.94262743510392. -3.1847756418690536, 647.7288360370056, 765.3787182271749
152,
55.94262743510392, -3.1847756418690536, WNW, 55.94274224013363. -3.185052805728807, 647.7288360370056, 764.1287182271749
151,
55.94274224013363, -3.185052805728807, E, 55.94274224013363. -3.184752805728807, 647.7288360370056, 762.8787182271749
150,
55.94274224013363, -3.184752805728807, ESE, 55.94262743510392. -3.1844756418690534, 647.7288360370056, 761.6287182271749
149,
55.94262743510392, -3.1844756418690534, WNW, 55.94274224013363. -3.184752805728807, 647.7288360370056, 760.3787182271749
148,
55.94274224013363, -3.184752805728807, ESE, 55.94262743510392. -3.1844756418690534, 647.7288360370056, 759.1287182271749
147,
55.94262743510392, -3.1844756418690534, W, 55.94262743510392. -3.1847756418690536, 647.7288360370056, 757.8787182271749
146,
55.94262743510392, -3.1847756418690536, NW, 55.94283956713828. -3.1849877739034094, 647.7288360370056, 756.6287182271749
145,
55.94283956713828, -3.1849877739034094, N, 55.94313956713828. -3.1849877739034094, 647.7288360370056, 755.3787182271749
144,
55.94313956713828, -3.1849877739034094, NW, 55.94335169917264. -3.185199905937765, 647.7288360370056, 754.1287182271749
143,
55.94335169917264, -3.185199905937765, ENE, 55.94346650420235. -3.1849227420780117, 647.7288360370056, 752.8787182271749
142,
55.94346650420235, -3.1849227420780117, NNE, 55.943743668062105. -3.1848079370483022, 647.7288360370056, 751.6287182271749
141,
55.943743668062105, -3.1848079370483022, ENE, 55.943858473091815. -3.184530773188549, 721.9056106643051, 870.1791709890765
140,
55.943858473091815, -3.184530773188549, SSE, 55.94358130923206. -3.1844159681588393, 721.9056106643051, 868.9291709890765
139,
55.94358130923206, -3.1844159681588393, S, 55.943281309232056. -3.1844159681588393, 721.9056106643051, 867.6791709890765
138,
55.943281309232056, -3.1844159681588393, SSW, 55.9430041453723. -3.184530773188549, 721.9056106643051, 866.4291709890765
137,
55.9430041453723, -3.184530773188549, N, 55.9433041453723. -3.184530773188549, 721.9056106643051, 865.1791709890765
136,
55.9433041453723, -3.184530773188549, SSE, 55.943026981512546. -3.1844159681588393, 721.9056106643051, 863.9291709890765
135,
55.943026981512546, -3.1844159681588393, SSW, 55.94274981765279. -3.184530773188549, 721.9056106643051, 862.6791709890765
134,
55.94274981765279, -3.184530773188549, WSW, 55.94263501262308. -3.1848079370483022, 721.9056106643051, 861.4291709890765
133,
55.94263501262308, -3.1848079370483022, NE, 55.942847144657435. -3.1845958050139465, 721.9056106643051, 860.1791709890765
132,
55.942847144657435, -3.1845958050139465, SE, 55.94263501262308. -3.1843836729795907, 721.9056106643051, 858.9291709890765
131,
55.94263501262308, -3.1843836729795907, W, 55.94263501262308. -3.184683672979591, 721.9056106643051, 857.6791709890765
130,
55.94263501262308, -3.184683672979591, NNW, 55.942912176482835. -3.1847984780093004, 721.9056106643051, 856.4291709890765
129,
55.942912176482835, -3.1847984780093004, ESE, 55.942797371453125. -3.184521314149547, 721.9056106643051, 855.1791709890765
128,
55.942797371453125, -3.184521314149547, W, 55.942797371453125. -3.184821314149547, 721.9056106643051, 853.9291709890765
127,
55.942797371453125, -3.184821314149547, NE, 55.94300950348748. -3.1846091821151914, 721.9056106643051, 852.6791709890765
126,
55.94300950348748, -3.1846091821151914, NW, 55.94322163552184. -3.184821314149547, 721.9056106643051, 851.4291709890765
125,
55.94322163552184, -3.184821314149547, SW, 55.94300950348748. -3.185033446183903, 721.9056106643051, 850.1791709890765
124,
55.94300950348748, -3.185033446183903, NNE, 55.94328666734724. -3.1849186411541934, 721.9056106643051, 848.9291709890765
123,
55.94328666734724, -3.1849186411541934, S, 55.942986667347235. -3.1849186411541934, 721.9056106643051, 847.6791709890765
122,
55.942986667347235, -3.1849186411541934, ESE, 55.942871862317524. -3.18464147729444, 721.9056106643051, 846.4291709890765
121,
55.942871862317524, -3.18464147729444, ESE, 55.942757057287814. -3.1843643134346866, 721.9056106643051, 845.1791709890765
120,
55.942757057287814, -3.1843643134346866, WSW, 55.9426422522581. -3.18464147729444, 721.9056106643051, 843.9291709890765
119,
55.9426422522581, -3.18464147729444, WNW, 55.942757057287814. -3.1849186411541934, 721.9056106643051, 842.6791709890765
118,
55.942757057287814, -3.1849186411541934, NW, 55.94296918932217. -3.185130773188549, 721.9056106643051, 841.4291709890765
117,
55.94296918932217, -3.185130773188549, NE, 55.943181321356526. -3.1849186411541934, 721.9056106643051, 840.1791709890765
116,
55.943181321356526, -3.1849186411541934, N, 55.94348132135653. -3.1849186411541934, 721.9056106643051, 838.9291709890765
115,
55.94348132135653, -3.1849186411541934, N, 55.94378132135653. -3.1849186411541934, 721.9056106643051, 837.6791709890765
114,
55.94378132135653, -3.1849186411541934, SSE, 55.943504157496776. -3.184803836124484, 721.9056106643051, 836.4291709890765
113,
55.943504157496776, -3.184803836124484, WSW, 55.943389352467065. -3.1850809999842373, 721.9056106643051, 835.1791709890765
112,
55.943389352467065, -3.1850809999842373, SSE, 55.94311218860731. -3.184966194954528, 721.9056106643051, 833.9291709890765
111,
55.94311218860731, -3.184966194954528, WNW, 55.94322699363702. -3.1852433588142812, 721.9056106643051, 832.6791709890765
110,
55.94322699363702, -3.1852433588142812, WSW, 55.94311218860731. -3.1855205226740346, 721.9056106643051, 831.4291709890765
109,
55.94311218860731, -3.1855205226740346, ESE, 55.9429973835776. -3.1852433588142812, 721.9056106643051, 830.1791709890765
108,
55.9429973835776, -3.1852433588142812, WSW, 55.94288257854789. -3.1855205226740346, 721.9056106643051, 828.9291709890765
107,
55.94288257854789, -3.1855205226740346, E, 55.94288257854789. -3.1852205226740344, 721.9056106643051, 827.6791709890765
106,
55.94288257854789, -3.1852205226740344, NW, 55.943094710582244. -3.18543265470839, 721.9056106643051, 826.4291709890765
105,
55.943094710582244, -3.18543265470839, NNE, 55.943371874442. -3.1853178496786807, 721.9056106643051, 825.1791709890765
104,
55.943371874442, -3.1853178496786807, WNW, 55.94348667947171. -3.185595013538434, 721.9056106643051, 823.9291709890765
103,
55.94348667947171, -3.185595013538434, WNW, 55.94360148450142. -3.1858721773981875, 721.9056106643051, 822.6791709890765
102,
55.94360148450142, -3.1858721773981875, NW, 55.94381361653578. -3.1860843094325433, 721.9056106643051, 821.4291709890765
101,
55.94381361653578, -3.1860843094325433, SSE, 55.94353645267602. -3.1859695044028338, 721.9056106643051, 820.1791709890765
100,
55.94353645267602, -3.1859695044028338, W, 55.94353645267602. -3.186269504402834, 721.9056106643051, 818.9291709890765
99,
55.94353645267602, -3.186269504402834, SSW, 55.943259288816265. -3.1863843094325435, 721.9056106643051, 817.6791709890765
98,
55.943259288816265, -3.1863843094325435, ESE, 55.943144483786554. -3.18610714557279, 721.9056106643051, 816.4291709890765
97,
55.943144483786554, -3.18610714557279, E, 55.943144483786554. -3.18580714557279, 721.9056106643051, 815.1791709890765
96,
55.943144483786554, -3.18580714557279, SW, 55.9429323517522. -3.1860192776071456, 721.9056106643051, 813.9291709890765
95,
55.9429323517522, -3.1860192776071456, SSW, 55.94265518789244. -3.186134082636855, 721.9056106643051, 812.6791709890765
94,
55.94265518789244, -3.186134082636855, W, 55.94265518789244. -3.1864340826368553, 721.9056106643051, 811.4291709890765
93,
55.94265518789244, -3.1864340826368553, NW, 55.9428673199268. -3.186646214671211, 721.9056106643051, 810.1791709890765
92,
55.9428673199268, -3.186646214671211, WSW, 55.94275251489709. -3.1869233785309645, 721.9056106643051, 808.9291709890765
91,
55.94275251489709, -3.1869233785309645, NNW, 55.943029678756844. -3.187038183560674, 721.9056106643051, 807.6791709890765
90,
55.943029678756844, -3.187038183560674, WSW, 55.94291487372713. -3.1873153474204274, 721.9056106643051, 806.4291709890765
89,
55.94291487372713, -3.1873153474204274, NE, 55.94312700576149. -3.1871032153860717, 721.9056106643051, 805.1791709890765
88,
55.94312700576149, -3.1871032153860717, SE, 55.94291487372713. -3.186891083351716, 721.9056106643051, 803.9291709890765
87,
55.94291487372713, -3.186891083351716, SW, 55.94270274169278. -3.1871032153860717, 721.9056106643051, 802.6791709890765
86,
55.94270274169278, -3.1871032153860717, NE, 55.94291487372713. -3.186891083351716, 721.9056106643051, 801.4291709890765
85,
55.94291487372713, -3.186891083351716, N, 55.943214873727136. -3.186891083351716, 721.9056106643051, 800.1791709890765
84,
55.943214873727136, -3.186891083351716, NNW, 55.94349203758689. -3.1870058883814254, 721.9056106643051, 798.9291709890765
83,
55.94349203758689, -3.1870058883814254, NNE, 55.94376920144665. -3.186891083351716, 721.9056106643051, 797.6791709890765
82,
55.94376920144665, -3.186891083351716, NNE, 55.944046365306406. -3.1867762783220064, 721.9056106643051, 796.4291709890765
81,
55.944046365306406, -3.1867762783220064, NNW, 55.94432352916616. -3.186891083351716, 721.9056106643051, 795.1791709890765
80,
55.94432352916616, -3.186891083351716, SSE, 55.944046365306406. -3.1867762783220064, 721.9056106643051, 793.9291709890765
79,
55.944046365306406, -3.1867762783220064, W, 55.944046365306406. -3.1870762783220066, 721.9056106643051, 792.6791709890765
78,
55.944046365306406, -3.1870762783220066, SW, 55.94383423327205. -3.1872884103563623, 721.9056106643051, 791.4291709890765
77,
55.94383423327205, -3.1872884103563623, E, 55.94383423327205. -3.186988410356362, 721.9056106643051, 790.1791709890765
76,
55.94383423327205, -3.186988410356362, SE, 55.94362210123769. -3.1867762783220064, 721.9056106643051, 788.9291709890765
75,
55.94362210123769, -3.1867762783220064, E, 55.94362210123769. -3.186476278322006, 721.9056106643051, 787.6791709890765
74,
55.94362210123769, -3.186476278322006, WSW, 55.94350729620798. -3.1867534421817596, 721.9056106643051, 786.4291709890765
73,
55.94350729620798, -3.1867534421817596, NE, 55.94371942824234. -3.186541310147404, 721.9056106643051, 785.1791709890765
72,
55.94371942824234, -3.186541310147404, N, 55.94401942824234. -3.186541310147404, 721.9056106643051, 783.9291709890765
71,
55.94401942824234, -3.186541310147404, W, 55.94401942824234. -3.186841310147404, 721.9056106643051, 782.6791709890765
70,
55.94401942824234, -3.186841310147404, NW, 55.9442315602767. -3.18705344218176, 721.9056106643051, 781.4291709890765
69,
55.9442315602767, -3.18705344218176, WNW, 55.94434636530641. -3.187330606041513, 721.9056106643051, 780.1791709890765
68,
55.94434636530641, -3.187330606041513, SW, 55.94413423327205. -3.187542738075869, 721.9056106643051, 778.9291709890765
67,
55.94413423327205, -3.187542738075869, WSW, 55.94401942824234. -3.1878199019356224, 800.1917165184587, 784.3957788075361
66,
55.94401942824234, -3.1878199019356224, SSE, 55.943742264382585. -3.187705096905913, 800.1917165184587, 783.1457788075361
65,
55.943742264382585, -3.187705096905913, NE, 55.94395439641694. -3.187492964871557, 800.1917165184587, 781.8957788075361
64,
55.94395439641694, -3.187492964871557, WSW, 55.94383959138723. -3.1877701287313105, 800.1917165184587, 780.6457788075361
63,
55.94383959138723, -3.1877701287313105, ENE, 55.94395439641694. -3.187492964871557, 800.1917165184587, 779.3957788075361
62,
55.94395439641694, -3.187492964871557, SE, 55.943742264382585. -3.1872808328372013, 800.1917165184587, 778.1457788075361
61,
55.943742264382585, -3.1872808328372013, ESE, 55.943627459352875. -3.187003668977448, 800.1917165184587, 776.8957788075361
60,
55.943627459352875, -3.187003668977448, WNW, 55.943742264382585. -3.1872808328372013, 800.1917165184587, 775.6457788075361
59,
55.943742264382585, -3.1872808328372013, NNE, 55.94401942824234. -3.187166027807492, 800.1917165184587, 774.3957788075361
58,
55.94401942824234, -3.187166027807492, W, 55.94401942824234. -3.187466027807492, 800.1917165184587, 773.1457788075361
57,
55.94401942824234, -3.187466027807492, SSE, 55.943742264382585. -3.1873512227777825, 800.1917165184587, 771.8957788075361
56,
55.943742264382585, -3.1873512227777825, ESE, 55.943627459352875. -3.187074058918029, 800.1917165184587, 770.6457788075361
55,
55.943627459352875, -3.187074058918029, SE, 55.94341532731852. -3.1868619268836733, 800.1917165184587, 769.3957788075361
54,
55.94341532731852, -3.1868619268836733, N, 55.94371532731852. -3.1868619268836733, 800.1917165184587, 768.1457788075361
53,
55.94371532731852, -3.1868619268836733, NNE, 55.94399249117828. -3.186747121853964, 800.1917165184587, 766.8957788075361
52,
55.94399249117828, -3.186747121853964, NNW, 55.944269655038035. -3.1868619268836733, 800.1917165184587, 765.6457788075361
51,
55.944269655038035, -3.1868619268836733, W, 55.944269655038035. -3.1871619268836735, 800.1917165184587, 764.3957788075361
50,
55.944269655038035, -3.1871619268836735, WSW, 55.944154850008324. -3.187439090743427, 800.1917165184587, 763.1457788075361
49,
55.944154850008324, -3.187439090743427, NW, 55.94436698204268. -3.1876512227777827, 800.1917165184587, 761.8957788075361
48,
55.94436698204268, -3.1876512227777827, S, 55.94406698204268. -3.1876512227777827, 800.1917165184587, 760.6457788075361
47,
55.94406698204268, -3.1876512227777827, SW, 55.94385485000832. -3.1878633548121385, 800.1917165184587, 759.3957788075361
46,
55.94385485000832, -3.1878633548121385, W, 55.94385485000832. -3.1881633548121386, 800.1917165184587, 758.1457788075361
45,
55.94385485000832, -3.1881633548121386, N, 55.944154850008324. -3.1881633548121386, 800.1917165184587, 756.8957788075361
44,
55.944154850008324, -3.1881633548121386, ENE, 55.944269655038035. -3.1878861909523852, 800.1917165184587, 755.6457788075361
43,
55.944269655038035, -3.1878861909523852, ENE, 55.944384460067745. -3.187609027092632, 800.1917165184587, 754.3957788075361
42,
55.944384460067745, -3.187609027092632, ESE, 55.944269655038035. -3.1873318632328784, 800.1917165184587, 753.1457788075361
41,
55.944269655038035, -3.1873318632328784, SSE, 55.94399249117828. -3.187217058203169, 800.1917165184587, 751.8957788075361
40,
55.94399249117828, -3.187217058203169, WNW, 55.94410729620799. -3.1874942220629223, 800.1917165184587, 750.6457788075361
39,
55.94410729620799, -3.1874942220629223, ENE, 55.9442221012377. -3.187217058203169, 800.1917165184587, 749.3957788075361
38,
55.9442221012377, -3.187217058203169, WNW, 55.94433690626741. -3.1874942220629223, 800.1917165184587, 748.1457788075361
37,
55.94433690626741, -3.1874942220629223, WSW, 55.9442221012377. -3.1877713859226757, 800.1917165184587, 746.8957788075361
36,
55.9442221012377, -3.1877713859226757, NW, 55.944434233272055. -3.1879835179570315, 800.1917165184587, 745.6457788075361
35,
55.944434233272055, -3.1879835179570315, NE, 55.94464636530641. -3.1877713859226757, 800.1917165184587, 744.3957788075361
34,
55.94464636530641, -3.1877713859226757, WSW, 55.9445315602767. -3.188048549782429, 816.2854305496816, 861.239330578538
33,
55.9445315602767, -3.188048549782429, ENE, 55.94464636530641. -3.1877713859226757, 816.2854305496816, 859.989330578538
32,
55.94464636530641, -3.1877713859226757, SSW, 55.944369201446655. -3.1878861909523852, 816.2854305496816, 858.739330578538
31,
55.944369201446655, -3.1878861909523852, SE, 55.9441570694123. -3.1876740589180295, 816.2854305496816, 857.489330578538
30,
55.9441570694123, -3.1876740589180295, E, 55.9441570694123. -3.1873740589180293, 816.2854305496816, 856.239330578538
29,
55.9441570694123, -3.1873740589180293, S, 55.943857069412296. -3.1873740589180293, 816.2854305496816, 854.989330578538
28,
55.943857069412296, -3.1873740589180293, SSW, 55.94357990555254. -3.187488863947739, 816.2854305496816, 853.739330578538
27,
55.94357990555254, -3.187488863947739, NNE, 55.943857069412296. -3.1873740589180293, 816.2854305496816, 852.489330578538
26,
55.943857069412296, -3.1873740589180293, SSE, 55.94357990555254. -3.1872592538883198, 816.2854305496816, 851.239330578538
25,
55.94357990555254, -3.1872592538883198, NNW, 55.943857069412296. -3.1873740589180293, 816.2854305496816, 849.989330578538
24,
55.943857069412296, -3.1873740589180293, SSW, 55.94357990555254. -3.187488863947739, 816.2854305496816, 848.739330578538
23,
55.94357990555254, -3.187488863947739, N, 55.94387990555254. -3.187488863947739, 816.2854305496816, 847.489330578538
22,
55.94387990555254, -3.187488863947739, E, 55.94387990555254. -3.1871888639477386, 816.2854305496816, 846.239330578538
21,
55.94387990555254, -3.1871888639477386, N, 55.944179905552545. -3.1871888639477386, 816.2854305496816, 844.989330578538
20,
55.944179905552545, -3.1871888639477386, SE, 55.94396777351819. -3.186976731913383, 816.2854305496816, 843.739330578538
19,
55.94396777351819, -3.186976731913383, W, 55.94396777351819. -3.187276731913383, 816.2854305496816, 842.489330578538
18,
55.94396777351819, -3.187276731913383, NW, 55.944179905552545. -3.187488863947739, 816.2854305496816, 841.239330578538
17,
55.944179905552545, -3.187488863947739, ESE, 55.944065100522835. -3.1872117000879854, 816.2854305496816, 839.989330578538
16,
55.944065100522835, -3.1872117000879854, E, 55.944065100522835. -3.186911700087985, 816.2854305496816, 838.739330578538
15,
55.944065100522835, -3.186911700087985, WSW, 55.943950295493124. -3.1871888639477386, 816.2854305496816, 837.489330578538
14,
55.943950295493124, -3.1871888639477386, NW, 55.94416242752748. -3.1874009959820944, 816.2854305496816, 836.239330578538
13,
55.94416242752748, -3.1874009959820944, E, 55.94416242752748. -3.187100995982094, 816.2854305496816, 834.989330578538
12,
55.94416242752748, -3.187100995982094, WSW, 55.94404762249777. -3.1873781598418476, 816.2854305496816, 833.739330578538
11,
55.94404762249777, -3.1873781598418476, SW, 55.943835490463414. -3.1875902918762034, 816.2854305496816, 832.489330578538
10,
55.943835490463414, -3.1875902918762034, ESE, 55.9437206854337. -3.18731312801645, 816.2854305496816, 831.239330578538
9,
55.9437206854337, -3.18731312801645, NW, 55.94393281746806. -3.1875252600508057, 816.2854305496816, 829.989330578538
8,
55.94393281746806, -3.1875252600508057, WNW, 55.94404762249777. -3.187802423910559, 816.2854305496816, 828.739330578538
7,
55.94404762249777, -3.187802423910559, SW, 55.943835490463414. -3.188014555944915, 816.2854305496816, 827.489330578538
6,
55.943835490463414, -3.188014555944915, NNE, 55.94411265432317. -3.1878997509152054, 816.2854305496816, 826.239330578538
5,
55.94411265432317, -3.1878997509152054, SE, 55.943900522288814. -3.1876876188808496, 816.2854305496816, 824.989330578538
4,
55.943900522288814, -3.1876876188808496, SW, 55.94368839025446. -3.1878997509152054, 816.2854305496816, 823.739330578538
3,
55.94368839025446, -3.1878997509152054, E, 55.94368839025446. -3.187599750915205, 816.2854305496816, 822.489330578538
2,
55.94368839025446, -3.187599750915205, N, 55.94398839025446. -3.187599750915205, 816.2854305496816, 821.239330578538
1,

