55.944425,-3.188396,SSE,55.944147836140246,-3.1882811949702905,108.69361705439181,274.394161288161
55.944147836140246,-3.1882811949702905,SSW,55.94387067228049,-3.188396,108.69361705439181,273.144161288161
55.94387067228049,-3.188396,SSW,55.94359350842073,-3.1885108050297095,138.99481316770581,274.4774083155809
55.94359350842073,-3.1885108050297095,WSW,55.94347870339102,-3.188787968889463,138.99481316770581,273.2274083155809
55.94347870339102,-3.188787968889463,SW,55.943266571356666,-3.1890001009238187,246.87306988122614,330.9950113516587
55.943266571356666,-3.1890001009238187,S,55.94296657135666,-3.1890001009238187,246.87306988122614,329.7450113516587
55.94296657135666,-3.1890001009238187,S,55.94266657135666,-3.1890001009238187,363.6250841976778,444.47550177922284
55.94266657135666,-3.1890001009238187,NNW,55.94294373521642,-3.189114905953528,363.6250841976778,443.22550177922284
55.94294373521642,-3.189114905953528,NNE,55.943220899076174,-3.1890001009238187,363.6250841976778,441.97550177922284
55.943220899076174,-3.1890001009238187,N,55.94352089907618,-3.1890001009238187,363.6250841976778,440.72550177922284
55.94352089907618,-3.1890001009238187,NNW,55.94379806293593,-3.189114905953528,363.6250841976778,439.47550177922284
55.94379806293593,-3.189114905953528,NNW,55.94407522679569,-3.1892297109832377,416.85774988846066,476.1189687157562
55.94407522679569,-3.1892297109832377,WNW,55.9441900318254,-3.189506874842991,426.40667935664874,513.616245261443
55.9441900318254,-3.189506874842991,WSW,55.94407522679569,-3.1897840387027445,531.7896464281832,569.5158762415134
55.94407522679569,-3.1897840387027445,WNW,55.9441900318254,-3.190061202562498,531.7896464281832,568.2658762415134
55.9441900318254,-3.190061202562498,WNW,55.94430483685511,-3.1903383664222513,531.7896464281832,567.0158762415134
55.94430483685511,-3.1903383664222513,W,55.94430483685511,-3.1906383664222515,650.546282196302,571.0963760412264
55.94430483685511,-3.1906383664222515,SSW,55.944027672995354,-3.190753171451961,697.780413646648,681.8231535327079
55.944027672995354,-3.190753171451961,NNW,55.94430483685511,-3.1908679764816705,697.780413646648,680.5731535327079
55.94430483685511,-3.1908679764816705,NW,55.94451696888947,-3.1910801085160263,697.780413646648,679.3231535327079
55.94451696888947,-3.1910801085160263,N,55.94481696888947,-3.1910801085160263,697.780413646648,678.0731535327079
55.94481696888947,-3.1910801085160263,NNW,55.945094132749226,-3.191194913545736,816.9148613195263,766.2815968807648
55.945094132749226,-3.191194913545736,NNE,55.94537129660898,-3.1910801085160263,816.9148613195263,765.0315968807648
55.94537129660898,-3.1910801085160263,NNE,55.94564846046874,-3.190965303486317,816.9148613195263,763.7815968807648
55.94564846046874,-3.190965303486317,N,55.94594846046874,-3.190965303486317,849.6314023750233,847.9381905109453
55.94594846046874,-3.190965303486317,SW,55.945736328434386,-3.1911774355206726,849.6314023750233,846.6881905109453
55.945736328434386,-3.1911774355206726,S,55.94543632843438,-3.1911774355206726,849.6314023750233,845.4381905109453
55.94543632843438,-3.1911774355206726,SW,55.94522419640003,-3.1913895675550283,849.6314023750233,844.1881905109453
55.94522419640003,-3.1913895675550283,SW,55.94501206436567,-3.191601699589384,849.6314023750233,842.9381905109453
55.94501206436567,-3.191601699589384,NNW,55.94528922822543,-3.1917165046190936,849.6314023750233,841.6881905109453
55.94528922822543,-3.1917165046190936,SSW,55.94501206436567,-3.191831309648803,849.6314023750233,840.4381905109453
55.94501206436567,-3.191831309648803,S,55.94471206436567,-3.191831309648803,849.6314023750233,839.1881905109453
55.94471206436567,-3.191831309648803,SSW,55.94443490050591,-3.1919461146785126,867.8507124411211,865.2800527955718
55.94443490050591,-3.1919461146785126,E,55.94443490050591,-3.1916461146785124,867.8507124411211,864.0300527955718
55.94443490050591,-3.1916461146785124,E,55.94443490050591,-3.1913461146785123,867.8507124411211,862.7800527955718
55.94443490050591,-3.1913461146785123,E,55.94443490050591,-3.191046114678512,867.8507124411211,861.5300527955718
55.94443490050591,-3.191046114678512,SE,55.944222768471555,-3.1908339826441563,867.8507124411211,860.2800527955718
55.944222768471555,-3.1908339826441563,SE,55.9440106364372,-3.1906218506098005,867.8507124411211,859.0300527955718
55.9440106364372,-3.1906218506098005,NE,55.944222768471555,-3.1904097185754448,867.8507124411211,857.7800527955718
55.944222768471555,-3.1904097185754448,NE,55.94443490050591,-3.190197586541089,867.8507124411211,856.5300527955718
55.94443490050591,-3.190197586541089,NE,55.94464703254027,-3.189985454506733,867.8507124411211,855.2800527955718
55.94464703254027,-3.189985454506733,NE,55.94485916457462,-3.1897733224723774,867.8507124411211,854.0300527955718
55.94485916457462,-3.1897733224723774,ESE,55.94474435954491,-3.189496158612624,867.8507124411211,852.7800527955718
55.94474435954491,-3.189496158612624,ENE,55.94485916457462,-3.1892189947528706,867.8507124411211,851.5300527955718
55.94485916457462,-3.1892189947528706,ENE,55.944973969604334,-3.1889418308931172,867.8507124411211,850.2800527955718
55.944973969604334,-3.1889418308931172,ENE,55.945088774634044,-3.188664667033364,867.8507124411211,849.0300527955718
55.945088774634044,-3.188664667033364,ENE,55.945203579663755,-3.1883875031736104,867.8507124411211,847.7800527955718
55.945203579663755,-3.1883875031736104,NE,55.94541571169811,-3.1881753711392546,867.8507124411211,846.5300527955718
55.94541571169811,-3.1881753711392546,E,55.94541571169811,-3.1878753711392545,867.8507124411211,845.2800527955718
55.94541571169811,-3.1878753711392545,ESE,55.9453009066684,-3.187598207279501,867.8507124411211,844.0300527955718
55.9453009066684,-3.187598207279501,E,55.9453009066684,-3.187298207279501,890.9298286349374,886.5914576719113
55.9453009066684,-3.187298207279501,ENE,55.94541571169811,-3.1870210434197475,986.8279550808791,902.5880666840841
55.94541571169811,-3.1870210434197475,NNE,55.94569287555787,-3.186906238390038,986.8279550808791,901.3380666840841
55.94569287555787,-3.186906238390038,NNE,55.945970039417624,-3.1867914333603284,998.5003556362509,1020.7830097285776
55.945970039417624,-3.1867914333603284,S,55.94567003941762,-3.1867914333603284,998.5003556362509,1019.5330097285776
55.94567003941762,-3.1867914333603284,SSW,55.945392875557864,-3.186906238390038,998.5003556362509,1018.2830097285776
55.945392875557864,-3.186906238390038,S,55.94509287555786,-3.186906238390038,998.5003556362509,1017.0330097285776
55.94509287555786,-3.186906238390038,SSW,55.944815711698105,-3.1870210434197475,1114.3056875561335,1046.204111106355
55.944815711698105,-3.1870210434197475,WSW,55.944700906668395,-3.187298207279501,1114.3056875561335,1044.954111106355
55.944700906668395,-3.187298207279501,SW,55.94448877463404,-3.1875103393138566,1217.7837857606528,1065.1594545187893
55.94448877463404,-3.1875103393138566,S,55.944188774634036,-3.1875103393138566,1320.710907674645,1157.3110986781946
55.944188774634036,-3.1875103393138566,SSE,55.94391161077428,-3.187395534284147,1320.710907674645,1156.0610986781946
55.94391161077428,-3.187395534284147,SE,55.94369947873992,-3.1871834022497914,1389.5835708924963,1164.5127344711902
55.94369947873992,-3.1871834022497914,ENE,55.94381428376963,-3.186906238390038,1484.8591570324047,1213.0917710767696
55.94381428376963,-3.186906238390038,E,55.94381428376963,-3.1866062383900378,1484.8591570324047,1211.8417710767696
55.94381428376963,-3.1866062383900378,E,55.94381428376963,-3.1863062383900376,1497.710013768485,1292.0476546717218
55.94381428376963,-3.1863062383900376,ENE,55.943929088799344,-3.186029074530284,1516.9042105661779,1332.1614402233563
55.943929088799344,-3.186029074530284,SE,55.94371695676499,-3.1858169424959284,1516.9042105661779,1330.9114402233563
55.94371695676499,-3.1858169424959284,SSE,55.94343979290523,-3.185702137466219,1519.475093773595,1450.2918886829257
55.94343979290523,-3.185702137466219,E,55.94343979290523,-3.1854021374662187,1519.475093773595,1449.0418886829257
55.94343979290523,-3.1854021374662187,ESE,55.94332498787552,-3.1851249736064653,1581.720001336712,1476.6394408830433
55.94332498787552,-3.1851249736064653,NE,55.94353711990988,-3.1849128415721095,1581.720001336712,1475.3894408830433
55.94353711990988,-3.1849128415721095,NE,55.94374925194423,-3.1847007095377537,1659.8952910817266,1487.1619505231565
55.94374925194423,-3.1847007095377537,SSE,55.94347208808448,-3.1845859045080442,1659.8952910817266,1485.9119505231565
55.94347208808448,-3.1845859045080442,SSE,55.94319492422472,-3.1844710994783347,1659.8952910817266,1484.6619505231565
55.94319492422472,-3.1844710994783347,S,55.94289492422472,-3.1844710994783347,1782.817046388863,1571.0325903906692
55.94289492422472,-3.1844710994783347,NNW,55.943172088084474,-3.1845859045080442,1782.817046388863,1569.7825903906692
55.943172088084474,-3.1845859045080442,NW,55.94338422011883,-3.1847980365424,1782.817046388863,1568.5325903906692
55.94338422011883,-3.1847980365424,NNW,55.943661383978586,-3.1849128415721095,1782.817046388863,1567.2825903906692
55.943661383978586,-3.1849128415721095,NW,55.94387351601294,-3.1851249736064653,1782.817046388863,1566.0325903906692
55.94387351601294,-3.1851249736064653,SW,55.943661383978586,-3.185337105640821,1782.817046388863,1564.7825903906692
55.943661383978586,-3.185337105640821,NNE,55.94393854783834,-3.1852223006111116,1782.817046388863,1563.5325903906692
55.94393854783834,-3.1852223006111116,NNE,55.9442157116981,-3.185107495581402,1782.817046388863,1562.2825903906692
55.9442157116981,-3.185107495581402,NNE,55.944492875557856,-3.1849926905516925,1782.817046388863,1561.0325903906692
55.944492875557856,-3.1849926905516925,N,55.94479287555786,-3.1849926905516925,1782.817046388863,1559.7825903906692
55.94479287555786,-3.1849926905516925,NNE,55.945070039417615,-3.184877885521983,1888.3951576461836,1624.715473157191
55.945070039417615,-3.184877885521983,NW,55.94528217145197,-3.185090017556339,1945.1104485232859,1741.2873941771666
55.94528217145197,-3.185090017556339,N,55.945582171451974,-3.185090017556339,1957.1813770043993,1758.6524653105153
55.945582171451974,-3.185090017556339,ENE,55.945696976481685,-3.1848128536965854,2018.104262379494,1820.841339522527
55.945696976481685,-3.1848128536965854,SSW,55.94541981262193,-3.184927658726295,2018.104262379494,1819.591339522527
55.94541981262193,-3.184927658726295,SSW,55.94514264876217,-3.1850424637560044,2018.104262379494,1818.341339522527
55.94514264876217,-3.1850424637560044,SSW,55.944865484902415,-3.185157268785714,2018.104262379494,1817.091339522527
55.944865484902415,-3.185157268785714,SW,55.94465335286806,-3.1853694008200697,2061.484148799024,1843.9277714873576
55.94465335286806,-3.1853694008200697,WNW,55.94476815789777,-3.185646564679823,2061.484148799024,1842.6777714873576
55.94476815789777,-3.185646564679823,WNW,55.94488296292748,-3.1859237285395765,2061.484148799024,1841.4277714873576
55.94488296292748,-3.1859237285395765,WNW,55.94499776795719,-3.18620089239933,2061.484148799024,1840.1777714873576
55.94499776795719,-3.18620089239933,WNW,55.9451125729869,-3.1864780562590833,2061.484148799024,1838.9277714873576
55.9451125729869,-3.1864780562590833,E,55.9451125729869,-3.186178056259083,2061.484148799024,1837.6777714873576
55.9451125729869,-3.186178056259083,ESE,55.94499776795719,-3.1859008923993297,2061.484148799024,1836.4277714873576
55.94499776795719,-3.1859008923993297,WNW,55.9451125729869,-3.186178056259083,2061.484148799024,1835.1777714873576
55.9451125729869,-3.186178056259083,WNW,55.94522737801661,-3.1864552201188365,2061.484148799024,1833.9277714873576
55.94522737801661,-3.1864552201188365,WNW,55.94534218304632,-3.18673238397859,2061.484148799024,1832.6777714873576
55.94534218304632,-3.18673238397859,WNW,55.94545698807603,-3.1870095478383433,2061.484148799024,1831.4277714873576
55.94545698807603,-3.1870095478383433,W,55.94545698807603,-3.1873095478383435,2061.484148799024,1830.1777714873576
55.94545698807603,-3.1873095478383435,WNW,55.94557179310574,-3.187586711698097,2151.017101353347,1896.6511651041392
55.94557179310574,-3.187586711698097,W,55.94557179310574,-3.187886711698097,2151.017101353347,1895.4011651041392
55.94557179310574,-3.187886711698097,E,55.94557179310574,-3.187586711698097,2151.017101353347,1894.1511651041392
55.94557179310574,-3.187586711698097,WSW,55.94545698807603,-3.1878638755578503,2151.017101353347,1892.9011651041392
55.94545698807603,-3.1878638755578503,WNW,55.94557179310574,-3.1881410394176037,2151.017101353347,1891.6511651041392
55.94557179310574,-3.1881410394176037,WSW,55.94545698807603,-3.188418203277357,2151.017101353347,1890.4011651041392
55.94545698807603,-3.188418203277357,N,55.945756988076035,-3.188418203277357,2151.017101353347,1889.1511651041392
55.945756988076035,-3.188418203277357,S,55.94545698807603,-3.188418203277357,2151.017101353347,1887.9011651041392
55.94545698807603,-3.188418203277357,N,55.945756988076035,-3.188418203277357,2151.017101353347,1886.6511651041392
55.945756988076035,-3.188418203277357,S,55.94545698807603,-3.188418203277357,2151.017101353347,1885.4011651041392
55.94545698807603,-3.188418203277357,NNE,55.94573415193579,-3.1883033982476476,2151.017101353347,1884.1511651041392
55.94573415193579,-3.1883033982476476,NW,55.945946283970144,-3.1885155302820034,2151.017101353347,1882.9011651041392
55.945946283970144,-3.1885155302820034,SSE,55.94566912011039,-3.188400725252294,2151.017101353347,1881.6511651041392
55.94566912011039,-3.188400725252294,SSW,55.94539195625063,-3.1885155302820034,2151.017101353347,1880.4011651041392
55.94539195625063,-3.1885155302820034,NNE,55.94566912011039,-3.188400725252294,2151.017101353347,1879.1511651041392
55.94566912011039,-3.188400725252294,SSW,55.94539195625063,-3.1885155302820034,2151.017101353347,1877.9011651041392
55.94539195625063,-3.1885155302820034,NNE,55.94566912011039,-3.188400725252294,2151.017101353347,1876.6511651041392
55.94566912011039,-3.188400725252294,N,55.94596912011039,-3.188400725252294,2151.017101353347,1875.4011651041392
55.94596912011039,-3.188400725252294,S,55.94566912011039,-3.188400725252294,2151.017101353347,1874.1511651041392
55.94566912011039,-3.188400725252294,SSW,55.94539195625063,-3.1885155302820034,2151.017101353347,1872.9011651041392
55.94539195625063,-3.1885155302820034,NNE,55.94566912011039,-3.188400725252294,2151.017101353347,1871.6511651041392
55.94566912011039,-3.188400725252294,SSW,55.94539195625063,-3.1885155302820034,2151.017101353347,1870.4011651041392
55.94539195625063,-3.1885155302820034,NNE,55.94566912011039,-3.188400725252294,2151.017101353347,1869.1511651041392
55.94566912011039,-3.188400725252294,SE,55.94545698807603,-3.188188593217938,2151.017101353347,1867.9011651041392
55.94545698807603,-3.188188593217938,NW,55.94566912011039,-3.188400725252294,2151.017101353347,1866.6511651041392
55.94566912011039,-3.188400725252294,SSW,55.94539195625063,-3.1885155302820034,2151.017101353347,1865.4011651041392
55.94539195625063,-3.1885155302820034,NNE,55.94566912011039,-3.188400725252294,2151.017101353347,1864.1511651041392
55.94566912011039,-3.188400725252294,SSW,55.94539195625063,-3.1885155302820034,2151.017101353347,1862.9011651041392
55.94539195625063,-3.1885155302820034,NNE,55.94566912011039,-3.188400725252294,2151.017101353347,1861.6511651041392
55.94566912011039,-3.188400725252294,ENE,55.9457839251401,-3.1881235613925405,2151.017101353347,1860.4011651041392
55.9457839251401,-3.1881235613925405,WSW,55.94566912011039,-3.188400725252294,2151.017101353347,1859.1511651041392
55.94566912011039,-3.188400725252294,SSW,55.94539195625063,-3.1885155302820034,2151.017101353347,1857.9011651041392
55.94539195625063,-3.1885155302820034,NNE,55.94566912011039,-3.188400725252294,2151.017101353347,1856.6511651041392
55.94566912011039,-3.188400725252294,SSW,55.94539195625063,-3.1885155302820034,2151.017101353347,1855.4011651041392
55.94539195625063,-3.1885155302820034,NNE,55.94566912011039,-3.188400725252294,2151.017101353347,1854.1511651041392
55.94566912011039,-3.188400725252294,NNE,55.945946283970144,-3.1882859202225844,2151.017101353347,1852.9011651041392
55.945946283970144,-3.1882859202225844,SSW,55.94566912011039,-3.188400725252294,2151.017101353347,1851.6511651041392
55.94566912011039,-3.188400725252294,SSW,55.94539195625063,-3.1885155302820034,2151.017101353347,1850.4011651041392
55.94539195625063,-3.1885155302820034,NNE,55.94566912011039,-3.188400725252294,2151.017101353347,1849.1511651041392
55.94566912011039,-3.188400725252294,SSW,55.94539195625063,-3.1885155302820034,2151.017101353347,1847.9011651041392
55.94539195625063,-3.1885155302820034,NNE,55.94566912011039,-3.188400725252294,2151.017101353347,1846.6511651041392
55.94566912011039,-3.188400725252294,NNW,55.945946283970144,-3.1885155302820034,2151.017101353347,1845.4011651041392
55.945946283970144,-3.1885155302820034,SSE,55.94566912011039,-3.188400725252294,2151.017101353347,1844.1511651041392
55.94566912011039,-3.188400725252294,SSW,55.94539195625063,-3.1885155302820034,2151.017101353347,1842.9011651041392
55.94539195625063,-3.1885155302820034,NNE,55.94566912011039,-3.188400725252294,2151.017101353347,1841.6511651041392
55.94566912011039,-3.188400725252294,SSW,55.94539195625063,-3.1885155302820034,2151.017101353347,1840.4011651041392
55.94539195625063,-3.1885155302820034,NNE,55.94566912011039,-3.188400725252294,2151.017101353347,1839.1511651041392
55.94566912011039,-3.188400725252294,NNE,55.945946283970144,-3.1882859202225844,2151.017101353347,1837.9011651041392
55.945946283970144,-3.1882859202225844,SSW,55.94566912011039,-3.188400725252294,2151.017101353347,1836.6511651041392
55.94566912011039,-3.188400725252294,SSW,55.94539195625063,-3.1885155302820034,2151.017101353347,1835.4011651041392
55.94539195625063,-3.1885155302820034,NNE,55.94566912011039,-3.188400725252294,2151.017101353347,1834.1511651041392
55.94566912011039,-3.188400725252294,SSW,55.94539195625063,-3.1885155302820034,2151.017101353347,1832.9011651041392
55.94539195625063,-3.1885155302820034,NNE,55.94566912011039,-3.188400725252294,2151.017101353347,1831.6511651041392
55.94566912011039,-3.188400725252294,S,55.945369120110385,-3.188400725252294,2151.017101353347,1830.4011651041392
55.945369120110385,-3.188400725252294,N,55.94566912011039,-3.188400725252294,2151.017101353347,1829.1511651041392
55.94566912011039,-3.188400725252294,SSW,55.94539195625063,-3.1885155302820034,2151.017101353347,1827.9011651041392
55.94539195625063,-3.1885155302820034,NNE,55.94566912011039,-3.188400725252294,2151.017101353347,1826.6511651041392
55.94566912011039,-3.188400725252294,SSW,55.94539195625063,-3.1885155302820034,2151.017101353347,1825.4011651041392
55.94539195625063,-3.1885155302820034,NNE,55.94566912011039,-3.188400725252294,2151.017101353347,1824.1511651041392
55.94566912011039,-3.188400725252294,SSE,55.94539195625063,-3.1882859202225844,2151.017101353347,1822.9011651041392
55.94539195625063,-3.1882859202225844,NNW,55.94566912011039,-3.188400725252294,2151.017101353347,1821.6511651041392
55.94566912011039,-3.188400725252294,SSW,55.94539195625063,-3.1885155302820034,2151.017101353347,1820.4011651041392
55.94539195625063,-3.1885155302820034,NNE,55.94566912011039,-3.188400725252294,2151.017101353347,1819.1511651041392
55.94566912011039,-3.188400725252294,SSW,55.94539195625063,-3.1885155302820034,2151.017101353347,1817.9011651041392
55.94539195625063,-3.1885155302820034,NNE,55.94566912011039,-3.188400725252294,2151.017101353347,1816.6511651041392
55.94566912011039,-3.188400725252294,NNW,55.945946283970144,-3.1885155302820034,2151.017101353347,1815.4011651041392
55.945946283970144,-3.1885155302820034,SSE,55.94566912011039,-3.188400725252294,2151.017101353347,1814.1511651041392
55.94566912011039,-3.188400725252294,SSW,55.94539195625063,-3.1885155302820034,2151.017101353347,1812.9011651041392
55.94539195625063,-3.1885155302820034,NNE,55.94566912011039,-3.188400725252294,2151.017101353347,1811.6511651041392
55.94566912011039,-3.188400725252294,SSW,55.94539195625063,-3.1885155302820034,2151.017101353347,1810.4011651041392
55.94539195625063,-3.1885155302820034,NNE,55.94566912011039,-3.188400725252294,2151.017101353347,1809.1511651041392
55.94566912011039,-3.188400725252294,ENE,55.9457839251401,-3.1881235613925405,2151.017101353347,1807.9011651041392
55.9457839251401,-3.1881235613925405,WSW,55.94566912011039,-3.188400725252294,2151.017101353347,1806.6511651041392
55.94566912011039,-3.188400725252294,SSW,55.94539195625063,-3.1885155302820034,2151.017101353347,1805.4011651041392
55.94539195625063,-3.1885155302820034,NNE,55.94566912011039,-3.188400725252294,2151.017101353347,1804.1511651041392
55.94566912011039,-3.188400725252294,SSW,55.94539195625063,-3.1885155302820034,2151.017101353347,1802.9011651041392
55.94539195625063,-3.1885155302820034,NNE,55.94566912011039,-3.188400725252294,2151.017101353347,1801.6511651041392
55.94566912011039,-3.188400725252294,S,55.945369120110385,-3.188400725252294,2151.017101353347,1800.4011651041392
55.945369120110385,-3.188400725252294,N,55.94566912011039,-3.188400725252294,2151.017101353347,1799.1511651041392
55.94566912011039,-3.188400725252294,SSW,55.94539195625063,-3.1885155302820034,2151.017101353347,1797.9011651041392
55.94539195625063,-3.1885155302820034,NNE,55.94566912011039,-3.188400725252294,2151.017101353347,1796.6511651041392
55.94566912011039,-3.188400725252294,SSW,55.94539195625063,-3.1885155302820034,2151.017101353347,1795.4011651041392
55.94539195625063,-3.1885155302820034,NNE,55.94566912011039,-3.188400725252294,2151.017101353347,1794.1511651041392
55.94566912011039,-3.188400725252294,ESE,55.94555431508068,-3.1881235613925405,2151.017101353347,1792.9011651041392
55.94555431508068,-3.1881235613925405,W,55.94555431508068,-3.1884235613925407,2151.017101353347,1791.6511651041392
55.94555431508068,-3.1884235613925407,N,55.94585431508068,-3.1884235613925407,2151.017101353347,1790.4011651041392
55.94585431508068,-3.1884235613925407,S,55.94555431508068,-3.1884235613925407,2151.017101353347,1789.1511651041392
55.94555431508068,-3.1884235613925407,N,55.94585431508068,-3.1884235613925407,2151.017101353347,1787.9011651041392
55.94585431508068,-3.1884235613925407,S,55.94555431508068,-3.1884235613925407,2151.017101353347,1786.6511651041392
55.94555431508068,-3.1884235613925407,SW,55.94534218304632,-3.1886356934268965,2151.017101353347,1785.4011651041392
55.94534218304632,-3.1886356934268965,NE,55.94555431508068,-3.1884235613925407,2151.017101353347,1784.1511651041392
55.94555431508068,-3.1884235613925407,N,55.94585431508068,-3.1884235613925407,2151.017101353347,1782.9011651041392
55.94585431508068,-3.1884235613925407,S,55.94555431508068,-3.1884235613925407,2151.017101353347,1781.6511651041392
55.94555431508068,-3.1884235613925407,N,55.94585431508068,-3.1884235613925407,2151.017101353347,1780.4011651041392
55.94585431508068,-3.1884235613925407,S,55.94555431508068,-3.1884235613925407,2151.017101353347,1779.1511651041392
55.94555431508068,-3.1884235613925407,ENE,55.94566912011039,-3.1881463975327873,2151.017101353347,1777.9011651041392
55.94566912011039,-3.1881463975327873,WSW,55.94555431508068,-3.1884235613925407,2151.017101353347,1776.6511651041392
55.94555431508068,-3.1884235613925407,N,55.94585431508068,-3.1884235613925407,2151.017101353347,1775.4011651041392
55.94585431508068,-3.1884235613925407,S,55.94555431508068,-3.1884235613925407,2151.017101353347,1774.1511651041392
55.94555431508068,-3.1884235613925407,N,55.94585431508068,-3.1884235613925407,2151.017101353347,1772.9011651041392
55.94585431508068,-3.1884235613925407,S,55.94555431508068,-3.1884235613925407,2151.017101353347,1771.6511651041392
55.94555431508068,-3.1884235613925407,SSE,55.94527715122092,-3.188308756362831,2151.017101353347,1770.4011651041392
55.94527715122092,-3.188308756362831,NNW,55.94555431508068,-3.1884235613925407,2151.017101353347,1769.1511651041392
55.94555431508068,-3.1884235613925407,N,55.94585431508068,-3.1884235613925407,2151.017101353347,1767.9011651041392
55.94585431508068,-3.1884235613925407,S,55.94555431508068,-3.1884235613925407,2151.017101353347,1766.6511651041392
55.94555431508068,-3.1884235613925407,N,55.94585431508068,-3.1884235613925407,2151.017101353347,1765.4011651041392
55.94585431508068,-3.1884235613925407,S,55.94555431508068,-3.1884235613925407,2151.017101353347,1764.1511651041392
55.94555431508068,-3.1884235613925407,N,55.94585431508068,-3.1884235613925407,2151.017101353347,1762.9011651041392
55.94585431508068,-3.1884235613925407,ENE,55.94596912011039,-3.1881463975327873,2151.017101353347,1761.6511651041392
55.94596912011039,-3.1881463975327873,WSW,55.94585431508068,-3.1884235613925407,2151.017101353347,1760.4011651041392
55.94585431508068,-3.1884235613925407,S,55.94555431508068,-3.1884235613925407,2151.017101353347,1759.1511651041392
55.94555431508068,-3.1884235613925407,N,55.94585431508068,-3.1884235613925407,2151.017101353347,1757.9011651041392
55.94585431508068,-3.1884235613925407,S,55.94555431508068,-3.1884235613925407,2151.017101353347,1756.6511651041392
55.94555431508068,-3.1884235613925407,N,55.94585431508068,-3.1884235613925407,2151.017101353347,1755.4011651041392
55.94585431508068,-3.1884235613925407,S,55.94555431508068,-3.1884235613925407,2151.017101353347,1754.1511651041392
55.94555431508068,-3.1884235613925407,NE,55.945766447115034,-3.188211429358185,2151.017101353347,1752.9011651041392
55.945766447115034,-3.188211429358185,SW,55.94555431508068,-3.1884235613925407,2151.017101353347,1751.6511651041392
55.94555431508068,-3.1884235613925407,N,55.94585431508068,-3.1884235613925407,2151.017101353347,1750.4011651041392
55.94585431508068,-3.1884235613925407,S,55.94555431508068,-3.1884235613925407,2151.017101353347,1749.1511651041392
55.94555431508068,-3.1884235613925407,N,55.94585431508068,-3.1884235613925407,2151.017101353347,1747.9011651041392
55.94585431508068,-3.1884235613925407,S,55.94555431508068,-3.1884235613925407,2151.017101353347,1746.6511651041392
55.94555431508068,-3.1884235613925407,SSW,55.94527715122092,-3.18853836642225,2151.017101353347,1745.4011651041392
55.94527715122092,-3.18853836642225,NNE,55.94555431508068,-3.1884235613925407,2151.017101353347,1744.1511651041392
55.94555431508068,-3.1884235613925407,N,55.94585431508068,-3.1884235613925407,2151.017101353347,1742.9011651041392
55.94585431508068,-3.1884235613925407,S,55.94555431508068,-3.1884235613925407,2151.017101353347,1741.6511651041392
55.94555431508068,-3.1884235613925407,N,55.94585431508068,-3.1884235613925407,2151.017101353347,1740.4011651041392
55.94585431508068,-3.1884235613925407,S,55.94555431508068,-3.1884235613925407,2151.017101353347,1739.1511651041392
55.94555431508068,-3.1884235613925407,NNE,55.945831478940434,-3.188308756362831,2151.017101353347,1737.9011651041392
55.945831478940434,-3.188308756362831,SSW,55.94555431508068,-3.1884235613925407,2151.017101353347,1736.6511651041392
55.94555431508068,-3.1884235613925407,N,55.94585431508068,-3.1884235613925407,2151.017101353347,1735.4011651041392
55.94585431508068,-3.1884235613925407,S,55.94555431508068,-3.1884235613925407,2151.017101353347,1734.1511651041392
55.94555431508068,-3.1884235613925407,N,55.94585431508068,-3.1884235613925407,2151.017101353347,1732.9011651041392
55.94585431508068,-3.1884235613925407,S,55.94555431508068,-3.1884235613925407,2151.017101353347,1731.6511651041392
55.94555431508068,-3.1884235613925407,S,55.945254315080675,-3.1884235613925407,2151.017101353347,1730.4011651041392
55.945254315080675,-3.1884235613925407,N,55.94555431508068,-3.1884235613925407,2151.017101353347,1729.1511651041392
55.94555431508068,-3.1884235613925407,N,55.94585431508068,-3.1884235613925407,2151.017101353347,1727.9011651041392
55.94585431508068,-3.1884235613925407,S,55.94555431508068,-3.1884235613925407,2151.017101353347,1726.6511651041392
55.94555431508068,-3.1884235613925407,N,55.94585431508068,-3.1884235613925407,2151.017101353347,1725.4011651041392
55.94585431508068,-3.1884235613925407,S,55.94555431508068,-3.1884235613925407,2151.017101353347,1724.1511651041392
55.94555431508068,-3.1884235613925407,N,55.94585431508068,-3.1884235613925407,2151.017101353347,1722.9011651041392
55.94585431508068,-3.1884235613925407,SSE,55.945577151220924,-3.188308756362831,2151.017101353347,1721.6511651041392
55.945577151220924,-3.188308756362831,NNW,55.94585431508068,-3.1884235613925407,2151.017101353347,1720.4011651041392
55.94585431508068,-3.1884235613925407,S,55.94555431508068,-3.1884235613925407,2151.017101353347,1719.1511651041392
55.94555431508068,-3.1884235613925407,N,55.94585431508068,-3.1884235613925407,2151.017101353347,1717.9011651041392
55.94585431508068,-3.1884235613925407,S,55.94555431508068,-3.1884235613925407,2151.017101353347,1716.6511651041392
55.94555431508068,-3.1884235613925407,N,55.94585431508068,-3.1884235613925407,2151.017101353347,1715.4011651041392