55.944425,-3.188396,S,55.944125,-3.188396,0.0,248.75
55.944125,-3.188396,SE,55.94391286796564,-3.1881838679656442,73.36938705202775,324.82883673508763
55.94391286796564,-3.1881838679656442,WSW,55.94379806293593,-3.1884610318253976,73.36938705202775,323.57883673508763
55.94379806293593,-3.1884610318253976,WSW,55.94368325790622,-3.188738195685151,73.36938705202775,322.32883673508763
55.94368325790622,-3.188738195685151,SW,55.943471125871866,-3.188950327719507,130.0079472706648,404.7408781071255
55.943471125871866,-3.188950327719507,SW,55.94325899383751,-3.1891624597538626,130.0079472706648,403.4908781071255
55.94325899383751,-3.1891624597538626,SW,55.943046861803154,-3.1893745917882184,130.0079472706648,402.2408781071255
55.943046861803154,-3.1893745917882184,SW,55.9428347297688,-3.189586723822574,130.0079472706648,400.9908781071255
55.9428347297688,-3.189586723822574,WSW,55.94271992473909,-3.1898638876823275,179.4463798629765,469.57360116949974
55.94271992473909,-3.1898638876823275,W,55.94271992473909,-3.1901638876823277,179.4463798629765,468.32360116949974
55.94271992473909,-3.1901638876823277,W,55.94271992473909,-3.190463887682328,179.4463798629765,467.07360116949974
55.94271992473909,-3.190463887682328,W,55.94271992473909,-3.190763887682328,179.4463798629765,465.82360116949974
55.94271992473909,-3.190763887682328,W,55.94271992473909,-3.1910638876823283,257.1017974875462,548.0654802960265
55.94271992473909,-3.1910638876823283,N,55.94301992473909,-3.1910638876823283,257.1017974875462,546.8154802960265
55.94301992473909,-3.1910638876823283,NE,55.94323205677345,-3.1908517556479725,257.1017974875462,545.5654802960265
55.94323205677345,-3.1908517556479725,NNW,55.9435092206332,-3.190966560677682,257.1017974875462,544.3154802960265
55.9435092206332,-3.190966560677682,NW,55.94372135266756,-3.191178692712038,318.7993088908371,564.4300247540979
55.94372135266756,-3.191178692712038,NW,55.943933484701915,-3.1913908247463936,363.1133490113244,568.7936582213895
55.943933484701915,-3.1913908247463936,WNW,55.944048289731626,-3.191667988606147,378.76855599928194,608.3070854527463
55.944048289731626,-3.191667988606147,NNE,55.94432545359138,-3.1915531835764375,470.86340939283485,612.1522492481791
55.94432545359138,-3.1915531835764375,NNW,55.94460261745114,-3.191667988606147,560.022155449821,713.6930539959479
55.94460261745114,-3.191667988606147,NE,55.944814749485495,-3.191455856571791,560.022155449821,712.4430539959479
55.944814749485495,-3.191455856571791,NNE,55.94509191334525,-3.1913410515420817,560.022155449821,711.1930539959479
55.94509191334525,-3.1913410515420817,NE,55.94530404537961,-3.191128919507726,623.9520823324974,827.8226636474799
55.94530404537961,-3.191128919507726,E,55.94530404537961,-3.1908289195077257,623.9520823324974,826.5726636474799
55.94530404537961,-3.1908289195077257,E,55.94530404537961,-3.1905289195077255,739.7244637111876,911.3798586536152
55.94530404537961,-3.1905289195077255,SSE,55.94502688151985,-3.190414114478016,739.7244637111876,910.1298586536152
55.94502688151985,-3.190414114478016,SSE,55.944749717660095,-3.1902993094483065,800.5221888874735,945.3979671534933
55.944749717660095,-3.1902993094483065,SE,55.94453758562574,-3.1900871774139508,811.29969078467,1005.890188902492
55.94453758562574,-3.1900871774139508,ENE,55.94465239065545,-3.1898100135541974,907.3817654383183,1039.2252746706965
55.94465239065545,-3.1898100135541974,SW,55.94444025862109,-3.190022145588553,907.3817654383183,1037.9752746706965
55.94444025862109,-3.190022145588553,SW,55.94422812658674,-3.190234277622909,907.3817654383183,1036.7252746706965
55.94422812658674,-3.190234277622909,SW,55.94401599455238,-3.1904464096572647,929.6758793438624,1046.533838582309
55.94401599455238,-3.1904464096572647,NE,55.94422812658674,-3.190234277622909,929.6758793438624,1045.283838582309
55.94422812658674,-3.190234277622909,NE,55.94444025862109,-3.190022145588553,929.6758793438624,1044.033838582309
55.94444025862109,-3.190022145588553,NE,55.94465239065545,-3.1898100135541974,929.6758793438624,1042.783838582309
55.94465239065545,-3.1898100135541974,NE,55.944864522689805,-3.1895978815198416,929.6758793438624,1041.533838582309
55.944864522689805,-3.1895978815198416,NNE,55.94514168654956,-3.189483076490132,929.6758793438624,1040.283838582309
55.94514168654956,-3.189483076490132,NNW,55.94541885040932,-3.1895978815198416,929.6758793438624,1039.033838582309
55.94541885040932,-3.1895978815198416,ENE,55.94553365543903,-3.189320717660088,929.6758793438624,1037.783838582309
55.94553365543903,-3.189320717660088,E,55.94553365543903,-3.189020717660088,951.5690760260558,1137.5227533900527
55.94553365543903,-3.189020717660088,E,55.94553365543903,-3.188720717660088,951.5690760260558,1136.2727533900527
55.94553365543903,-3.188720717660088,E,55.94553365543903,-3.1884207176600876,951.5690760260558,1135.0227533900527
55.94553365543903,-3.1884207176600876,ENE,55.94564846046874,-3.188143553800334,951.5690760260558,1133.7727533900527
55.94564846046874,-3.188143553800334,SE,55.94543632843438,-3.1879314217659784,951.5690760260558,1132.5227533900527
55.94543632843438,-3.1879314217659784,ESE,55.94532152340467,-3.187654257906225,951.5690760260558,1131.2727533900527
55.94532152340467,-3.187654257906225,ESE,55.94520671837496,-3.1873770940464716,951.5690760260558,1130.0227533900527
55.94520671837496,-3.1873770940464716,SSE,55.944929554515205,-3.187262289016762,1000.8400043989118,1141.84750224634
55.944929554515205,-3.187262289016762,SE,55.94471742248085,-3.1870501569824063,1000.8400043989118,1140.59750224634
55.94471742248085,-3.1870501569824063,SE,55.94450529044649,-3.1868380249480506,1000.8400043989118,1139.34750224634
55.94450529044649,-3.1868380249480506,S,55.94420529044649,-3.1868380249480506,1111.4489735432178,1209.5090136642873
55.94420529044649,-3.1868380249480506,SE,55.943993158412134,-3.186625892913695,1111.4489735432178,1208.2590136642873
55.943993158412134,-3.186625892913695,ESE,55.94387835338242,-3.1863487290539414,1143.1106769425028,1286.580379390334
55.94387835338242,-3.1863487290539414,E,55.94387835338242,-3.186048729053941,1143.1106769425028,1285.330379390334
55.94387835338242,-3.186048729053941,E,55.94387835338242,-3.185748729053941,1220.3257620298118,1293.2361014974092
55.94387835338242,-3.185748729053941,S,55.94357835338242,-3.185748729053941,1220.3257620298118,1291.9861014974092
55.94357835338242,-3.185748729053941,SSE,55.943301189522664,-3.1856339240242315,1220.3257620298118,1290.7361014974092
55.943301189522664,-3.1856339240242315,S,55.94300118952266,-3.1856339240242315,1255.4654065645532,1349.8273516153386
55.94300118952266,-3.1856339240242315,NE,55.94321332155702,-3.1854217919898757,1255.4654065645532,1348.5773516153386
55.94321332155702,-3.1854217919898757,NE,55.943425453591374,-3.18520965995552,1255.4654065645532,1347.3273516153386
55.943425453591374,-3.18520965995552,NE,55.94363758562573,-3.184997527921164,1255.4654065645532,1346.0773516153386
55.94363758562573,-3.184997527921164,NE,55.943849717660086,-3.1847853958868084,1341.3412036864022,1420.842067992778
55.943849717660086,-3.1847853958868084,N,55.94414971766009,-3.1847853958868084,1341.3412036864022,1419.592067992778
55.94414971766009,-3.1847853958868084,N,55.94444971766009,-3.1847853958868084,1341.3412036864022,1418.342067992778
55.94444971766009,-3.1847853958868084,N,55.944749717660095,-3.1847853958868084,1341.3412036864022,1417.092067992778
55.944749717660095,-3.1847853958868084,N,55.9450497176601,-3.1847853958868084,1374.1340651326461,1502.9520712603428
55.9450497176601,-3.1847853958868084,NNE,55.945326881519854,-3.184670590857099,1374.1340651326461,1501.7020712603428
55.945326881519854,-3.184670590857099,NNE,55.94560404537961,-3.1845557858273894,1374.1340651326461,1500.4520712603428
55.94560404537961,-3.1845557858273894,NE,55.94581617741397,-3.1843436537930336,1443.5925791658394,1615.2864674166308
55.94581617741397,-3.1843436537930336,WSW,55.945701372384256,-3.184620817652787,1443.5925791658394,1614.0364674166308
55.945701372384256,-3.184620817652787,W,55.945701372384256,-3.1849208176527872,1443.5925791658394,1612.7864674166308
55.945701372384256,-3.1849208176527872,WSW,55.945586567354546,-3.1851979815125406,1443.5925791658394,1611.5364674166308
55.945586567354546,-3.1851979815125406,W,55.945586567354546,-3.185497981512541,1443.5925791658394,1610.2864674166308
55.945586567354546,-3.185497981512541,WSW,55.945471762324836,-3.1857751453722942,1557.4800312761624,1643.8902471194501
55.945471762324836,-3.1857751453722942,SSW,55.94519459846508,-3.1858899504020037,1663.7994238027866,1659.7667077361054
55.94519459846508,-3.1858899504020037,SSW,55.94491743460532,-3.1860047554317132,1679.5182483529102,1751.808721185356
55.94491743460532,-3.1860047554317132,SSW,55.944640270745566,-3.1861195604614228,1679.5182483529102,1750.558721185356
55.944640270745566,-3.1861195604614228,SSW,55.94436310688581,-3.1862343654911323,1679.5182483529102,1749.308721185356
55.94436310688581,-3.1862343654911323,SE,55.94415097485145,-3.1860222334567765,1679.5182483529102,1748.058721185356
55.94415097485145,-3.1860222334567765,W,55.94415097485145,-3.1863222334567767,1679.5182483529102,1746.808721185356
55.94415097485145,-3.1863222334567767,WSW,55.94403616982174,-3.18659939731653,1679.5182483529102,1745.558721185356
55.94403616982174,-3.18659939731653,WNW,55.94415097485145,-3.1868765611762835,1679.5182483529102,1744.308721185356
55.94415097485145,-3.1868765611762835,WNW,55.944265779881164,-3.187153725036037,1679.5182483529102,1743.058721185356
55.944265779881164,-3.187153725036037,W,55.944265779881164,-3.187453725036037,1679.5182483529102,1741.808721185356
55.944265779881164,-3.187453725036037,WNW,55.944380584910874,-3.1877308888957905,1679.5182483529102,1740.558721185356
55.944380584910874,-3.1877308888957905,W,55.944380584910874,-3.1880308888957907,1679.5182483529102,1739.308721185356
55.944380584910874,-3.1880308888957907,NNE,55.94465774877063,-3.187916083866081,1679.5182483529102,1738.058721185356
55.94465774877063,-3.187916083866081,NNE,55.94493491263039,-3.1878012788363717,1679.5182483529102,1736.808721185356
55.94493491263039,-3.1878012788363717,NNE,55.945212076490144,-3.187686473806662,1679.5182483529102,1735.558721185356
55.945212076490144,-3.187686473806662,N,55.94551207649015,-3.187686473806662,1679.5182483529102,1734.308721185356
55.94551207649015,-3.187686473806662,NNE,55.9457892403499,-3.1875716687769526,1690.35223136377,1815.6278116908845
55.9457892403499,-3.1875716687769526,W,55.9457892403499,-3.187871668776953,1690.35223136377,1814.3778116908845
55.9457892403499,-3.187871668776953,W,55.9457892403499,-3.188171668776953,1690.35223136377,1813.1278116908845
55.9457892403499,-3.188171668776953,W,55.9457892403499,-3.188471668776953,1690.35223136377,1811.8778116908845
55.9457892403499,-3.188471668776953,W,55.9457892403499,-3.1887716687769534,1690.35223136377,1810.6278116908845
55.9457892403499,-3.1887716687769534,WSW,55.94567443532019,-3.189048832636707,1770.9827193541323,1925.2242892972558
55.94567443532019,-3.189048832636707,SW,55.94546230328584,-3.1892609646710626,1770.9827193541323,1923.9742892972558
55.94546230328584,-3.1892609646710626,W,55.94546230328584,-3.1895609646710628,1770.9827193541323,1922.7242892972558
55.94546230328584,-3.1895609646710628,W,55.94546230328584,-3.189860964671063,1770.9827193541323,1921.4742892972558
55.94546230328584,-3.189860964671063,W,55.94546230328584,-3.190160964671063,1770.9827193541323,1920.2242892972558
55.94546230328584,-3.190160964671063,W,55.94546230328584,-3.1904609646710633,1770.9827193541323,1918.9742892972558
55.94546230328584,-3.1904609646710633,W,55.94546230328584,-3.1907609646710635,1770.9827193541323,1917.7242892972558
55.94546230328584,-3.1907609646710635,W,55.94546230328584,-3.1910609646710637,1770.9827193541323,1916.4742892972558
55.94546230328584,-3.1910609646710637,WSW,55.945347498256126,-3.191338128530817,1770.9827193541323,1915.2242892972558
55.945347498256126,-3.191338128530817,SE,55.94513536622177,-3.1911259964964613,1770.9827193541323,1913.9742892972558
55.94513536622177,-3.1911259964964613,W,55.94513536622177,-3.1914259964964615,1770.9827193541323,1912.7242892972558
55.94513536622177,-3.1914259964964615,W,55.94513536622177,-3.1917259964964617,1770.9827193541323,1911.4742892972558
55.94513536622177,-3.1917259964964617,W,55.94513536622177,-3.192025996496462,1770.9827193541323,1910.2242892972558
55.94513536622177,-3.192025996496462,WNW,55.94525017125148,-3.1923031603562153,1856.4088957994072,1946.9880865920356
55.94525017125148,-3.1923031603562153,N,55.94555017125148,-3.1923031603562153,1856.4088957994072,1945.7380865920356
55.94555017125148,-3.1923031603562153,SSW,55.94527300739173,-3.192417965385925,1856.4088957994072,1944.4880865920356
55.94527300739173,-3.192417965385925,NE,55.94548513942608,-3.192205833351569,1856.4088957994072,1943.2380865920356
55.94548513942608,-3.192205833351569,SW,55.94527300739173,-3.192417965385925,1856.4088957994072,1941.9880865920356
55.94527300739173,-3.192417965385925,SE,55.94506087535737,-3.192205833351569,1856.4088957994072,1940.7380865920356
55.94506087535737,-3.192205833351569,NW,55.94527300739173,-3.192417965385925,1856.4088957994072,1939.4880865920356
55.94527300739173,-3.192417965385925,ENE,55.94538781242144,-3.1921408015261714,1856.4088957994072,1938.2380865920356
55.94538781242144,-3.1921408015261714,WSW,55.94527300739173,-3.192417965385925,1856.4088957994072,1936.9880865920356
55.94527300739173,-3.192417965385925,ESE,55.945158202362016,-3.1921408015261714,1856.4088957994072,1935.7380865920356
55.945158202362016,-3.1921408015261714,WNW,55.94527300739173,-3.192417965385925,1856.4088957994072,1934.4880865920356
55.94527300739173,-3.192417965385925,ESE,55.945158202362016,-3.1921408015261714,1856.4088957994072,1933.2380865920356
55.945158202362016,-3.1921408015261714,ESE,55.945043397332306,-3.191863637666418,1856.4088957994072,1931.9880865920356
55.945043397332306,-3.191863637666418,SE,55.94483126529795,-3.1916515056320622,1856.4088957994072,1930.7380865920356
55.94483126529795,-3.1916515056320622,ESE,55.94471646026824,-3.191374341772309,1856.4088957994072,1929.4880865920356
55.94471646026824,-3.191374341772309,ESE,55.94460165523853,-3.1910971779125554,1856.4088957994072,1928.2380865920356
55.94460165523853,-3.1910971779125554,W,55.94460165523853,-3.1913971779125556,1856.4088957994072,1926.9880865920356
55.94460165523853,-3.1913971779125556,ESE,55.94448685020882,-3.191120014052802,1856.4088957994072,1925.7380865920356
55.94448685020882,-3.191120014052802,ESE,55.94437204517911,-3.190842850193049,1856.4088957994072,1924.4880865920356
55.94437204517911,-3.190842850193049,S,55.944072045179105,-3.190842850193049,1856.4088957994072,1923.2380865920356
55.944072045179105,-3.190842850193049,ESE,55.943957240149395,-3.1905656863332954,1856.4088957994072,1921.9880865920356
55.943957240149395,-3.1905656863332954,ESE,55.943842435119684,-3.190288522473542,1856.4088957994072,1920.7380865920356
55.943842435119684,-3.190288522473542,NW,55.94405456715404,-3.1905006545078978,1856.4088957994072,1919.4880865920356
55.94405456715404,-3.1905006545078978,ESE,55.94393976212433,-3.1902234906481444,1856.4088957994072,1918.2380865920356
55.94393976212433,-3.1902234906481444,ESE,55.94382495709462,-3.189946326788391,1856.4088957994072,1916.9880865920356
55.94382495709462,-3.189946326788391,SW,55.943612825060264,-3.1901584588227467,1856.4088957994072,1915.7380865920356
55.943612825060264,-3.1901584588227467,ESE,55.94349802003055,-3.1898812949629933,1856.4088957994072,1914.4880865920356
55.94349802003055,-3.1898812949629933,ESE,55.94338321500084,-3.18960413110324,1856.4088957994072,1913.2380865920356
55.94338321500084,-3.18960413110324,WNW,55.94349802003055,-3.1898812949629933,1856.4088957994072,1911.9880865920356
55.94349802003055,-3.1898812949629933,ESE,55.94338321500084,-3.18960413110324,1856.4088957994072,1910.7380865920356
55.94338321500084,-3.18960413110324,ESE,55.94326840997113,-3.1893269672434865,1856.4088957994072,1909.4880865920356
55.94326840997113,-3.1893269672434865,WNW,55.94338321500084,-3.18960413110324,1856.4088957994072,1908.2380865920356
55.94338321500084,-3.18960413110324,ESE,55.94326840997113,-3.1893269672434865,1856.4088957994072,1906.9880865920356
55.94326840997113,-3.1893269672434865,ESE,55.94315360494142,-3.189049803383733,1856.4088957994072,1905.7380865920356
55.94315360494142,-3.189049803383733,NE,55.94336573697578,-3.1888376713493773,1856.4088957994072,1904.4880865920356
55.94336573697578,-3.1888376713493773,ESE,55.94325093194607,-3.188560507489624,1856.4088957994072,1903.2380865920356
55.94325093194607,-3.188560507489624,ESE,55.94313612691636,-3.1882833436298705,1856.4088957994072,1901.9880865920356
55.94313612691636,-3.1882833436298705,ENE,55.94325093194607,-3.188006179770117,1856.4088957994072,1900.7380865920356
55.94325093194607,-3.188006179770117,ESE,55.94313612691636,-3.1877290159103637,1856.4088957994072,1899.4880865920356
55.94313612691636,-3.1877290159103637,SE,55.942923994882,-3.187516883876008,1856.4088957994072,1898.2380865920356
55.942923994882,-3.187516883876008,W,55.942923994882,-3.187816883876008,1856.4088957994072,1896.9880865920356
55.942923994882,-3.187816883876008,ESE,55.94280918985229,-3.1875397200162547,1856.4088957994072,1895.7380865920356
55.94280918985229,-3.1875397200162547,ESE,55.94269438482258,-3.1872625561565013,1856.4088957994072,1894.4880865920356
55.94269438482258,-3.1872625561565013,E,55.94269438482258,-3.186962556156501,1880.4355508574222,2010.334812252771
55.94269438482258,-3.186962556156501,WNW,55.94280918985229,-3.1872397200162546,1880.4355508574222,2009.084812252771
55.94280918985229,-3.1872397200162546,ESE,55.94269438482258,-3.186962556156501,1880.4355508574222,2007.834812252771
55.94269438482258,-3.186962556156501,WNW,55.94280918985229,-3.1872397200162546,1880.4355508574222,2006.584812252771
55.94280918985229,-3.1872397200162546,N,55.943109189852294,-3.1872397200162546,1880.4355508574222,2005.334812252771
55.943109189852294,-3.1872397200162546,SSE,55.94283202599254,-3.187124914986545,1880.4355508574222,2004.084812252771
55.94283202599254,-3.187124914986545,SE,55.94261989395818,-3.1869127829521893,1880.4355508574222,2002.834812252771
55.94261989395818,-3.1869127829521893,WNW,55.94273469898789,-3.1871899468119427,1880.4355508574222,2001.584812252771
55.94273469898789,-3.1871899468119427,ESE,55.94261989395818,-3.1869127829521893,1880.4355508574222,2000.334812252771
55.94261989395818,-3.1869127829521893,WNW,55.94273469898789,-3.1871899468119427,1880.4355508574222,1999.084812252771
55.94273469898789,-3.1871899468119427,ESE,55.94261989395818,-3.1869127829521893,1880.4355508574222,1997.834812252771
55.94261989395818,-3.1869127829521893,WNW,55.94273469898789,-3.1871899468119427,1880.4355508574222,1996.584812252771
55.94273469898789,-3.1871899468119427,ESE,55.94261989395818,-3.1869127829521893,1880.4355508574222,1995.334812252771
55.94261989395818,-3.1869127829521893,WNW,55.94273469898789,-3.1871899468119427,1880.4355508574222,1994.084812252771
55.94273469898789,-3.1871899468119427,ESE,55.94261989395818,-3.1869127829521893,1880.4355508574222,1992.834812252771
55.94261989395818,-3.1869127829521893,NNW,55.94289705781794,-3.187027587981899,1880.4355508574222,1991.584812252771
55.94289705781794,-3.187027587981899,W,55.94289705781794,-3.187327587981899,1880.4355508574222,1990.334812252771
55.94289705781794,-3.187327587981899,SSW,55.94261989395818,-3.1874423930116085,1880.4355508574222,1989.084812252771
55.94261989395818,-3.1874423930116085,W,55.94261989395818,-3.1877423930116087,1880.4355508574222,1987.834812252771
55.94261989395818,-3.1877423930116087,N,55.942919893958184,-3.1877423930116087,1880.4355508574222,1986.584812252771
55.942919893958184,-3.1877423930116087,W,55.942919893958184,-3.188042393011609,1880.4355508574222,1985.334812252771
55.942919893958184,-3.188042393011609,SSE,55.94264273009843,-3.1879275879818993,1880.4355508574222,1984.084812252771
55.94264273009843,-3.1879275879818993,NE,55.94285486213278,-3.1877154559475436,1880.4355508574222,1982.834812252771
55.94285486213278,-3.1877154559475436,N,55.943154862132786,-3.1877154559475436,1880.4355508574222,1981.584812252771
55.943154862132786,-3.1877154559475436,S,55.94285486213278,-3.1877154559475436,1880.4355508574222,1980.334812252771
55.94285486213278,-3.1877154559475436,NNW,55.94313202599254,-3.187830260977253,1880.4355508574222,1979.084812252771
55.94313202599254,-3.187830260977253,SE,55.942919893958184,-3.1876181289428973,1880.4355508574222,1977.834812252771
55.942919893958184,-3.1876181289428973,N,55.94321989395819,-3.1876181289428973,1880.4355508574222,1976.584812252771
55.94321989395819,-3.1876181289428973,S,55.942919893958184,-3.1876181289428973,1880.4355508574222,1975.334812252771
55.942919893958184,-3.1876181289428973,WNW,55.943034698987894,-3.1878952928026507,1880.4355508574222,1974.084812252771
55.943034698987894,-3.1878952928026507,W,55.943034698987894,-3.188195292802651,1880.4355508574222,1972.834812252771
55.943034698987894,-3.188195292802651,SE,55.94282256695354,-3.187983160768295,1880.4355508574222,1971.584812252771
55.94282256695354,-3.187983160768295,ENE,55.94293737198325,-3.1877059969085417,1880.4355508574222,1970.334812252771
55.94293737198325,-3.1877059969085417,NW,55.943149504017605,-3.1879181289428975,1880.4355508574222,1969.084812252771
55.943149504017605,-3.1879181289428975,E,55.943149504017605,-3.1876181289428973,1880.4355508574222,1967.834812252771
55.943149504017605,-3.1876181289428973,NE,55.94336163605196,-3.1874059969085415,1880.4355508574222,1966.584812252771
55.94336163605196,-3.1874059969085415,S,55.94306163605196,-3.1874059969085415,1880.4355508574222,1965.334812252771
55.94306163605196,-3.1874059969085415,SE,55.9428495040176,-3.1871938648741858,1880.4355508574222,1964.084812252771
55.9428495040176,-3.1871938648741858,SE,55.942637371983245,-3.18698173283983,1880.4355508574222,1962.834812252771
55.942637371983245,-3.18698173283983,WNW,55.942752177012956,-3.1872588966995834,1880.4355508574222,1961.584812252771
55.942752177012956,-3.1872588966995834,NE,55.94296430904731,-3.1870467646652276,1880.4355508574222,1960.334812252771
55.94296430904731,-3.1870467646652276,N,55.943264309047315,-3.1870467646652276,1880.4355508574222,1959.084812252771
55.943264309047315,-3.1870467646652276,SSE,55.94298714518756,-3.186931959635518,1880.4355508574222,1957.834812252771
55.94298714518756,-3.186931959635518,SW,55.9427750131532,-3.187144091669874,1880.4355508574222,1956.584812252771
55.9427750131532,-3.187144091669874,ESE,55.94266020812349,-3.1868669278101205,1880.4355508574222,1955.334812252771
55.94266020812349,-3.1868669278101205,N,55.942960208123495,-3.1868669278101205,1880.4355508574222,1954.084812252771
55.942960208123495,-3.1868669278101205,ENE,55.943075013153205,-3.186589763950367,1880.4355508574222,1952.834812252771
55.943075013153205,-3.186589763950367,W,55.943075013153205,-3.1868897639503673,1880.4355508574222,1951.584812252771
55.943075013153205,-3.1868897639503673,NNW,55.94335217701296,-3.187004568980077,1880.4355508574222,1950.334812252771
55.94335217701296,-3.187004568980077,E,55.94335217701296,-3.1867045689800766,1880.4355508574222,1949.084812252771
55.94335217701296,-3.1867045689800766,SE,55.943140044978605,-3.186492436945721,1880.4355508574222,1947.834812252771
55.943140044978605,-3.186492436945721,SE,55.94292791294425,-3.186280304911365,1880.4355508574222,1946.584812252771
55.94292791294425,-3.186280304911365,WNW,55.94304271797396,-3.1865574687711185,1880.4355508574222,1945.334812252771
55.94304271797396,-3.1865574687711185,ENE,55.94315752300367,-3.186280304911365,1880.4355508574222,1944.084812252771
55.94315752300367,-3.186280304911365,SE,55.942945390969314,-3.1860681728770093,1880.4355508574222,1942.834812252771
55.942945390969314,-3.1860681728770093,W,55.942945390969314,-3.1863681728770095,1880.4355508574222,1941.584812252771
55.942945390969314,-3.1863681728770095,NNE,55.94322255482907,-3.1862533678473,1880.4355508574222,1940.334812252771
55.94322255482907,-3.1862533678473,S,55.94292255482907,-3.1862533678473,1880.4355508574222,1939.084812252771
55.94292255482907,-3.1862533678473,NNW,55.943199718688824,-3.1863681728770095,1880.4355508574222,1937.834812252771
55.943199718688824,-3.1863681728770095,ESE,55.94308491365911,-3.186091009017256,1880.4355508574222,1936.584812252771
55.94308491365911,-3.186091009017256,SE,55.94287278162476,-3.1858788769829003,1880.4355508574222,1935.334812252771
55.94287278162476,-3.1858788769829003,E,55.94287278162476,-3.1855788769829,1880.4355508574222,1934.084812252771
55.94287278162476,-3.1855788769829,NNE,55.943149945484514,-3.1854640719531906,1880.4355508574222,1932.834812252771
55.943149945484514,-3.1854640719531906,ESE,55.9430351404548,-3.185186908093437,1880.4355508574222,1931.584812252771
55.9430351404548,-3.185186908093437,ENE,55.943149945484514,-3.184909744233684,1880.4355508574222,1930.334812252771
55.943149945484514,-3.184909744233684,SSE,55.94287278162476,-3.1847949392039743,1880.4355508574222,1929.084812252771
55.94287278162476,-3.1847949392039743,E,55.94287278162476,-3.184494939203974,1880.4355508574222,1927.834812252771
55.94287278162476,-3.184494939203974,WSW,55.94275797659505,-3.1847721030637275,1880.4355508574222,1926.584812252771
55.94275797659505,-3.1847721030637275,E,55.94275797659505,-3.1844721030637273,1880.4355508574222,1925.334812252771
55.94275797659505,-3.1844721030637273,NNW,55.9430351404548,-3.184586908093437,1880.4355508574222,1924.084812252771
55.9430351404548,-3.184586908093437,NNW,55.94331230431456,-3.1847017131231463,1880.4355508574222,1922.834812252771
55.94331230431456,-3.1847017131231463,SE,55.943100172280204,-3.1844895810887905,1880.4355508574222,1921.584812252771
55.943100172280204,-3.1844895810887905,SSW,55.94282300842045,-3.1846043861185,1880.4355508574222,1920.334812252771
55.94282300842045,-3.1846043861185,WSW,55.94270820339074,-3.1848815499782535,1880.4355508574222,1919.084812252771
55.94270820339074,-3.1848815499782535,E,55.94270820339074,-3.1845815499782533,1880.4355508574222,1917.834812252771
55.94270820339074,-3.1845815499782533,NW,55.94292033542509,-3.184793682012609,1880.4355508574222,1916.584812252771
55.94292033542509,-3.184793682012609,SW,55.94270820339074,-3.185005814046965,1880.4355508574222,1915.334812252771
55.94270820339074,-3.185005814046965,E,55.94270820339074,-3.1847058140469646,1880.4355508574222,1914.084812252771
55.94270820339074,-3.1847058140469646,WNW,55.94282300842045,-3.184982977906718,1880.4355508574222,1912.834812252771
55.94282300842045,-3.184982977906718,E,55.94282300842045,-3.184682977906718,1880.4355508574222,1911.584812252771
55.94282300842045,-3.184682977906718,ESE,55.94270820339074,-3.1844058140469644,1880.4355508574222,1910.334812252771
55.94270820339074,-3.1844058140469644,WNW,55.94282300842045,-3.184682977906718,1880.4355508574222,1909.084812252771
55.94282300842045,-3.184682977906718,ESE,55.94270820339074,-3.1844058140469644,1880.4355508574222,1907.834812252771
55.94270820339074,-3.1844058140469644,W,55.94270820339074,-3.1847058140469646,1880.4355508574222,1906.584812252771
55.94270820339074,-3.1847058140469646,NW,55.94292033542509,-3.1849179460813204,1880.4355508574222,1905.334812252771
55.94292033542509,-3.1849179460813204,N,55.943220335425096,-3.1849179460813204,1880.4355508574222,1904.084812252771
55.943220335425096,-3.1849179460813204,NW,55.94343246745945,-3.185130078115676,1880.4355508574222,1902.834812252771
55.94343246745945,-3.185130078115676,NW,55.94364459949381,-3.185342210150032,1880.4355508574222,1901.584812252771
55.94364459949381,-3.185342210150032,SSW,55.94336743563405,-3.1854570151797414,1880.4355508574222,1900.334812252771
55.94336743563405,-3.1854570151797414,SSE,55.943090271774295,-3.185342210150032,1880.4355508574222,1899.084812252771
55.943090271774295,-3.185342210150032,S,55.94279027177429,-3.185342210150032,1880.4355508574222,1897.834812252771
55.94279027177429,-3.185342210150032,E,55.94279027177429,-3.1850422101500317,1880.4355508574222,1896.584812252771
55.94279027177429,-3.1850422101500317,N,55.943090271774295,-3.1850422101500317,1880.4355508574222,1895.334812252771
55.943090271774295,-3.1850422101500317,ESE,55.942975466744585,-3.1847650462902783,1880.4355508574222,1894.084812252771
55.942975466744585,-3.1847650462902783,SSE,55.94269830288483,-3.184650241260569,1880.4355508574222,1892.834812252771
55.94269830288483,-3.184650241260569,E,55.94269830288483,-3.1843502412605686,1880.4355508574222,1891.584812252771
55.94269830288483,-3.1843502412605686,W,55.94269830288483,-3.184650241260569,1880.4355508574222,1890.334812252771
55.94269830288483,-3.184650241260569,NNW,55.942975466744585,-3.1847650462902783,1880.4355508574222,1889.084812252771
55.942975466744585,-3.1847650462902783,S,55.94267546674458,-3.1847650462902783,1880.4355508574222,1887.834812252771