55.944425,-3.188396,SSE,55.944147836140246,-3.1882811949702905,0.0,248.75
55.944147836140246,-3.1882811949702905,NW,55.9443599681746,-3.1884933270046463,63.775421544612854,247.8231837318418
55.9443599681746,-3.1884933270046463,E,55.9443599681746,-3.188193327004646,63.775421544612854,246.5731837318418
55.9443599681746,-3.188193327004646,ESE,55.94424516314489,-3.1879161631448927,63.775421544612854,245.3231837318418
55.94424516314489,-3.1879161631448927,SSE,55.943967999285135,-3.187801358115183,149.48249056231066,312.2949566241106
55.943967999285135,-3.187801358115183,NE,55.94418013131949,-3.1875892260808274,191.34032331402022,385.66009685781887
55.94418013131949,-3.1875892260808274,NNW,55.94445729517925,-3.187704031110537,191.34032331402022,384.41009685781887
55.94445729517925,-3.187704031110537,SW,55.94424516314489,-3.1879161631448927,191.34032331402022,383.16009685781887
55.94424516314489,-3.1879161631448927,E,55.94424516314489,-3.1876161631448925,191.34032331402022,381.91009685781887
55.94424516314489,-3.1876161631448925,NW,55.94445729517925,-3.1878282951792483,191.34032331402022,380.66009685781887
55.94445729517925,-3.1878282951792483,WSW,55.94434249014954,-3.1881054590390017,191.34032331402022,379.41009685781887
55.94434249014954,-3.1881054590390017,SE,55.94413035811518,-3.187893327004646,191.34032331402022,378.16009685781887
55.94413035811518,-3.187893327004646,N,55.944430358115184,-3.187893327004646,191.34032331402022,376.91009685781887
55.944430358115184,-3.187893327004646,NNW,55.94470752197494,-3.1880081320343554,191.34032331402022,375.66009685781887
55.94470752197494,-3.1880081320343554,NE,55.9449196540093,-3.1877959999999996,191.34032331402022,374.41009685781887
55.9449196540093,-3.1877959999999996,SW,55.94470752197494,-3.1880081320343554,191.34032331402022,373.16009685781887
55.94470752197494,-3.1880081320343554,SE,55.944495389940585,-3.1877959999999996,191.34032331402022,371.91009685781887
55.944495389940585,-3.1877959999999996,ENE,55.944610194970295,-3.1875188361402462,191.34032331402022,370.66009685781887
55.944610194970295,-3.1875188361402462,E,55.944610194970295,-3.187218836140246,286.3185903915684,419.2786766457599
55.944610194970295,-3.187218836140246,SSW,55.94433303111054,-3.1873336411699555,286.3185903915684,418.0286766457599
55.94433303111054,-3.1873336411699555,W,55.94433303111054,-3.1876336411699557,286.3185903915684,416.7786766457599
55.94433303111054,-3.1876336411699557,ESE,55.94421822608083,-3.1873564773102023,286.3185903915684,415.5286766457599
55.94421822608083,-3.1873564773102023,ENE,55.94433303111054,-3.187079313450449,286.3185903915684,414.2786766457599
55.94433303111054,-3.187079313450449,ENE,55.94444783614025,-3.1868021495906955,286.3185903915684,413.0286766457599
55.94444783614025,-3.1868021495906955,S,55.944147836140246,-3.1868021495906955,286.3185903915684,411.7786766457599
55.944147836140246,-3.1868021495906955,S,55.94384783614024,-3.1868021495906955,286.3185903915684,410.5286766457599
55.94384783614024,-3.1868021495906955,SSW,55.94357067228049,-3.186916954620405,337.88807783830373,509.65975028515356
55.94357067228049,-3.186916954620405,W,55.94357067228049,-3.187216954620405,337.88807783830373,508.40975028515356
55.94357067228049,-3.187216954620405,SSE,55.94329350842073,-3.1871021495906957,337.88807783830373,507.15975028515356
55.94329350842073,-3.1871021495906957,N,55.94359350842073,-3.1871021495906957,337.88807783830373,505.90975028515356
55.94359350842073,-3.1871021495906957,WNW,55.94370831345044,-3.187379313450449,337.88807783830373,504.65975028515356
55.94370831345044,-3.187379313450449,W,55.94370831345044,-3.1876793134504493,337.88807783830373,503.40975028515356
55.94370831345044,-3.1876793134504493,N,55.944008313450446,-3.1876793134504493,337.88807783830373,502.15975028515356
55.944008313450446,-3.1876793134504493,SSE,55.94373114959069,-3.18756450842074,337.88807783830373,500.90975028515356
55.94373114959069,-3.18756450842074,NNE,55.944008313450446,-3.1874497033910303,337.88807783830373,499.65975028515356
55.944008313450446,-3.1874497033910303,WNW,55.94412311848016,-3.1877268672507837,337.88807783830373,498.40975028515356
55.94412311848016,-3.1877268672507837,NE,55.94433525051451,-3.187514735216428,337.88807783830373,497.15975028515356
55.94433525051451,-3.187514735216428,N,55.944635250514516,-3.187514735216428,337.88807783830373,495.90975028515356
55.944635250514516,-3.187514735216428,S,55.94433525051451,-3.187514735216428,337.88807783830373,494.65975028515356
55.94433525051451,-3.187514735216428,N,55.944635250514516,-3.187514735216428,337.88807783830373,493.40975028515356
55.944635250514516,-3.187514735216428,E,55.944635250514516,-3.1872147352164277,337.88807783830373,492.15975028515356
55.944635250514516,-3.1872147352164277,SSE,55.94435808665476,-3.187099930186718,337.88807783830373,490.90975028515356
55.94435808665476,-3.187099930186718,ENE,55.94447289168447,-3.186822766326965,337.88807783830373,489.65975028515356
55.94447289168447,-3.186822766326965,SSW,55.94419572782471,-3.1869375713566743,337.88807783830373,488.40975028515356
55.94419572782471,-3.1869375713566743,ESE,55.944080922795,-3.186660407496921,337.88807783830373,487.15975028515356
55.944080922795,-3.186660407496921,ESE,55.94396611776529,-3.1863832436371675,337.88807783830373,485.90975028515356
55.94396611776529,-3.1863832436371675,ESE,55.94385131273558,-3.186106079777414,414.47840508535745,507.43779652580423
55.94385131273558,-3.186106079777414,N,55.944151312735585,-3.186106079777414,414.47840508535745,506.18779652580423
55.944151312735585,-3.186106079777414,W,55.944151312735585,-3.1864060797774143,414.47840508535745,504.93779652580423
55.944151312735585,-3.1864060797774143,SSE,55.94387414887583,-3.186291274747705,414.47840508535745,503.68779652580423
55.94387414887583,-3.186291274747705,NE,55.944086280910184,-3.186079142713349,414.47840508535745,502.43779652580423
55.944086280910184,-3.186079142713349,SE,55.94387414887583,-3.1858670106789932,491.1923669568881,619.7802760814462
55.94387414887583,-3.1858670106789932,N,55.94417414887583,-3.1858670106789932,491.1923669568881,618.5302760814462
55.94417414887583,-3.1858670106789932,S,55.94387414887583,-3.1858670106789932,491.1923669568881,617.2802760814462
55.94387414887583,-3.1858670106789932,NNW,55.944151312735585,-3.1859818157087028,491.1923669568881,616.0302760814462
55.944151312735585,-3.1859818157087028,SE,55.94393918070123,-3.185769683674347,491.1923669568881,614.7802760814462
55.94393918070123,-3.185769683674347,N,55.94423918070123,-3.185769683674347,491.1923669568881,613.5302760814462
55.94423918070123,-3.185769683674347,N,55.944539180701234,-3.185769683674347,512.4081495713662,628.3674765762663
55.944539180701234,-3.185769683674347,S,55.94423918070123,-3.185769683674347,512.4081495713662,627.1174765762663
55.94423918070123,-3.185769683674347,WNW,55.94435398573094,-3.1860468475341004,512.4081495713662,625.8674765762663
55.94435398573094,-3.1860468475341004,W,55.94435398573094,-3.1863468475341006,512.4081495713662,624.6174765762663
55.94435398573094,-3.1863468475341006,SE,55.944141853696586,-3.186134715499745,512.4081495713662,623.3674765762663
55.944141853696586,-3.186134715499745,ENE,55.944256658726296,-3.1858575516399914,512.4081495713662,622.1174765762663
55.944256658726296,-3.1858575516399914,NW,55.94446879076065,-3.186069683674347,512.4081495713662,620.8674765762663
55.94446879076065,-3.186069683674347,E,55.94446879076065,-3.185769683674347,512.4081495713662,619.6174765762663
55.94446879076065,-3.185769683674347,NE,55.94468092279501,-3.185557551639991,512.4081495713662,618.3674765762663
55.94468092279501,-3.185557551639991,E,55.94468092279501,-3.185257551639991,512.4081495713662,617.1174765762663
55.94468092279501,-3.185257551639991,SE,55.94446879076065,-3.1850454196056353,512.4081495713662,615.8674765762663
55.94446879076065,-3.1850454196056353,SE,55.944256658726296,-3.1848332875712795,512.4081495713662,614.6174765762663
55.944256658726296,-3.1848332875712795,NNE,55.94453382258605,-3.18471848254157,512.4081495713662,613.3674765762663
55.94453382258605,-3.18471848254157,S,55.94423382258605,-3.18471848254157,512.4081495713662,612.1174765762663
55.94423382258605,-3.18471848254157,NE,55.944445954620406,-3.184506350507214,512.4081495713662,610.8674765762663
55.944445954620406,-3.184506350507214,W,55.944445954620406,-3.1848063505072144,512.4081495713662,609.6174765762663
55.944445954620406,-3.1848063505072144,E,55.944445954620406,-3.184506350507214,512.4081495713662,608.3674765762663
55.944445954620406,-3.184506350507214,WNW,55.944560759650116,-3.1847835143669676,512.4081495713662,607.1174765762663
55.944560759650116,-3.1847835143669676,E,55.944560759650116,-3.1844835143669674,512.4081495713662,605.8674765762663
55.944560759650116,-3.1844835143669674,SSW,55.94428359579036,-3.184598319396677,512.4081495713662,604.6174765762663
55.94428359579036,-3.184598319396677,NNE,55.944560759650116,-3.1844835143669674,512.4081495713662,603.3674765762663
55.944560759650116,-3.1844835143669674,NNW,55.94483792350987,-3.184598319396677,512.4081495713662,602.1174765762663
55.94483792350987,-3.184598319396677,NNW,55.94511508736963,-3.1847131244263864,512.4081495713662,600.8674765762663
55.94511508736963,-3.1847131244263864,SW,55.94490295533527,-3.184925256460742,512.4081495713662,599.6174765762663
55.94490295533527,-3.184925256460742,NNW,55.94518011919503,-3.1850400614904517,512.4081495713662,598.3674765762663
55.94518011919503,-3.1850400614904517,NW,55.945392251229386,-3.1852521935248075,581.7806804431441,658.4977984610927
55.945392251229386,-3.1852521935248075,NNW,55.94566941508914,-3.185366998554517,581.7806804431441,657.2477984610927
55.94566941508914,-3.185366998554517,NW,55.9458815471235,-3.1855791305888728,655.3853850677065,680.0248652643495
55.9458815471235,-3.1855791305888728,E,55.9458815471235,-3.1852791305888726,655.3853850677065,678.7748652643495
55.9458815471235,-3.1852791305888726,W,55.9458815471235,-3.1855791305888728,655.3853850677065,677.5248652643495
55.9458815471235,-3.1855791305888728,NNW,55.946158710983255,-3.1856939356185823,655.3853850677065,676.2748652643495
55.946158710983255,-3.1856939356185823,S,55.94585871098325,-3.1856939356185823,655.3853850677065,675.0248652643495
55.94585871098325,-3.1856939356185823,SSW,55.945581547123496,-3.185808740648292,655.3853850677065,673.7748652643495
55.945581547123496,-3.185808740648292,WSW,55.945466742093785,-3.186085904508045,655.3853850677065,672.5248652643495
55.945466742093785,-3.186085904508045,SE,55.94525461005943,-3.1858737724736894,655.3853850677065,671.2748652643495
55.94525461005943,-3.1858737724736894,E,55.94525461005943,-3.1855737724736892,655.3853850677065,670.0248652643495
55.94525461005943,-3.1855737724736892,NNE,55.945531773919186,-3.1854589674439797,655.3853850677065,668.7748652643495
55.945531773919186,-3.1854589674439797,ESE,55.945416968889475,-3.1851818035842263,655.3853850677065,667.5248652643495
55.945416968889475,-3.1851818035842263,ENE,55.945531773919186,-3.184904639724473,655.3853850677065,666.2748652643495
55.945531773919186,-3.184904639724473,SSE,55.94525461005943,-3.1847898346947634,655.3853850677065,665.0248652643495
55.94525461005943,-3.1847898346947634,E,55.94525461005943,-3.184489834694763,655.3853850677065,663.7748652643495
55.94525461005943,-3.184489834694763,WSW,55.94513980502972,-3.1847669985545166,655.3853850677065,662.5248652643495
55.94513980502972,-3.1847669985545166,SE,55.94492767299536,-3.184554866520161,655.3853850677065,661.2748652643495
55.94492767299536,-3.184554866520161,SSW,55.944650509135606,-3.1846696715498704,655.3853850677065,660.0248652643495
55.944650509135606,-3.1846696715498704,E,55.944650509135606,-3.18436967154987,655.3853850677065,658.7748652643495
55.944650509135606,-3.18436967154987,NNW,55.94492767299536,-3.1844844765795797,655.3853850677065,657.5248652643495
55.94492767299536,-3.1844844765795797,NNW,55.94520483685512,-3.184599281609289,655.3853850677065,656.2748652643495
55.94520483685512,-3.184599281609289,SE,55.94499270482076,-3.1843871495749334,655.3853850677065,655.0248652643495
55.94499270482076,-3.1843871495749334,SSW,55.944715540961006,-3.184501954604643,655.3853850677065,653.7748652643495
55.944715540961006,-3.184501954604643,WSW,55.944600735931296,-3.1847791184643963,655.3853850677065,652.5248652643495
55.944600735931296,-3.1847791184643963,E,55.944600735931296,-3.184479118464396,655.3853850677065,651.2748652643495
55.944600735931296,-3.184479118464396,WSW,55.944485930901585,-3.1847562823241495,655.3853850677065,650.0248652643495
55.944485930901585,-3.1847562823241495,S,55.94418593090158,-3.1847562823241495,655.3853850677065,648.7748652643495
55.94418593090158,-3.1847562823241495,NW,55.94439806293594,-3.1849684143585053,655.3853850677065,647.5248652643495
55.94439806293594,-3.1849684143585053,SW,55.94418593090158,-3.185180546392861,655.3853850677065,646.2748652643495
55.94418593090158,-3.185180546392861,E,55.94418593090158,-3.184880546392861,655.3853850677065,645.0248652643495
55.94418593090158,-3.184880546392861,SSW,55.943908767041826,-3.1849953514225704,655.3853850677065,643.7748652643495
55.943908767041826,-3.1849953514225704,WNW,55.944023572071536,-3.185272515282324,655.3853850677065,642.5248652643495
55.944023572071536,-3.185272515282324,SSE,55.94374640821178,-3.1851577102526143,655.3853850677065,641.2748652643495
55.94374640821178,-3.1851577102526143,SSW,55.94346924435202,-3.185272515282324,655.3853850677065,640.0248652643495
55.94346924435202,-3.185272515282324,SSW,55.94319208049227,-3.1853873203120333,655.3853850677065,638.7748652643495
55.94319208049227,-3.1853873203120333,E,55.94319208049227,-3.185087320312033,655.3853850677065,637.5248652643495
55.94319208049227,-3.185087320312033,ESE,55.94307727546256,-3.1848101564522797,655.3853850677065,636.2748652643495
55.94307727546256,-3.1848101564522797,E,55.94307727546256,-3.1845101564522795,689.8851224733913,732.9716351035177
55.94307727546256,-3.1845101564522795,SW,55.9428651434282,-3.1847222884866353,689.8851224733913,731.7216351035177
55.9428651434282,-3.1847222884866353,SW,55.942653011393844,-3.184934420520991,689.8851224733913,730.4716351035177
55.942653011393844,-3.184934420520991,ENE,55.942767816423554,-3.1846572566612377,689.8851224733913,729.2216351035177
55.942767816423554,-3.1846572566612377,ESE,55.942653011393844,-3.1843800928014843,689.8851224733913,727.9716351035177
55.942653011393844,-3.1843800928014843,WNW,55.942767816423554,-3.1846572566612377,689.8851224733913,726.7216351035177
55.942767816423554,-3.1846572566612377,ESE,55.942653011393844,-3.1843800928014843,689.8851224733913,725.4716351035177
55.942653011393844,-3.1843800928014843,W,55.942653011393844,-3.1846800928014845,689.8851224733913,724.2216351035177
55.942653011393844,-3.1846800928014845,NW,55.9428651434282,-3.1848922248358402,689.8851224733913,722.9716351035177
55.9428651434282,-3.1848922248358402,N,55.9431651434282,-3.1848922248358402,689.8851224733913,721.7216351035177
55.9431651434282,-3.1848922248358402,NW,55.94337727546256,-3.185104356870196,689.8851224733913,720.4716351035177
55.94337727546256,-3.185104356870196,NW,55.943589407496916,-3.1853164889045518,689.8851224733913,719.2216351035177
55.943589407496916,-3.1853164889045518,SSW,55.94331224363716,-3.1854312939342613,689.8851224733913,717.9716351035177
55.94331224363716,-3.1854312939342613,SSE,55.9430350797774,-3.1853164889045518,689.8851224733913,716.7216351035177
55.9430350797774,-3.1853164889045518,S,55.9427350797774,-3.1853164889045518,689.8851224733913,715.4716351035177
55.9427350797774,-3.1853164889045518,E,55.9427350797774,-3.1850164889045516,689.8851224733913,714.2216351035177
55.9427350797774,-3.1850164889045516,N,55.9430350797774,-3.1850164889045516,689.8851224733913,712.9716351035177
55.9430350797774,-3.1850164889045516,ESE,55.94292027474769,-3.184739325044798,689.8851224733913,711.7216351035177
55.94292027474769,-3.184739325044798,SSE,55.942643110887936,-3.1846245200150887,689.8851224733913,710.4716351035177
55.942643110887936,-3.1846245200150887,E,55.942643110887936,-3.1843245200150885,689.8851224733913,709.2216351035177
55.942643110887936,-3.1843245200150885,W,55.942643110887936,-3.1846245200150887,689.8851224733913,707.9716351035177
55.942643110887936,-3.1846245200150887,NNW,55.94292027474769,-3.184739325044798,689.8851224733913,706.7216351035177
55.94292027474769,-3.184739325044798,S,55.94262027474769,-3.184739325044798,689.8851224733913,705.4716351035177
55.94262027474769,-3.184739325044798,W,55.94262027474769,-3.1850393250447984,689.8851224733913,704.2216351035177
55.94262027474769,-3.1850393250447984,NE,55.942832406782045,-3.1848271930104426,689.8851224733913,702.9716351035177
55.942832406782045,-3.1848271930104426,NW,55.9430445388164,-3.1850393250447984,689.8851224733913,701.7216351035177
55.9430445388164,-3.1850393250447984,SW,55.942832406782045,-3.185251457079154,689.8851224733913,700.4716351035177
55.942832406782045,-3.185251457079154,NNE,55.9431095706418,-3.1851366520494446,689.8851224733913,699.2216351035177
55.9431095706418,-3.1851366520494446,S,55.9428095706418,-3.1851366520494446,689.8851224733913,697.9716351035177
55.9428095706418,-3.1851366520494446,ESE,55.94269476561209,-3.1848594881896912,689.8851224733913,696.7216351035177
55.94269476561209,-3.1848594881896912,E,55.94269476561209,-3.184559488189691,689.8851224733913,695.4716351035177
55.94269476561209,-3.184559488189691,WNW,55.9428095706418,-3.1848366520494444,689.8851224733913,694.2216351035177
55.9428095706418,-3.1848366520494444,NW,55.943021702676155,-3.1850487840838,689.8851224733913,692.9716351035177
55.943021702676155,-3.1850487840838,NE,55.94323383471051,-3.1848366520494444,689.8851224733913,691.7216351035177
55.94323383471051,-3.1848366520494444,N,55.943533834710514,-3.1848366520494444,689.8851224733913,690.4716351035177
55.943533834710514,-3.1848366520494444,E,55.943533834710514,-3.1845366520494442,807.7555001919058,766.344054222243
55.943533834710514,-3.1845366520494442,NW,55.94374596674487,-3.1847487840838,807.7555001919058,765.094054222243
55.94374596674487,-3.1847487840838,N,55.94404596674487,-3.1847487840838,807.7555001919058,763.844054222243
55.94404596674487,-3.1847487840838,SSE,55.94376880288512,-3.1846339790540905,807.7555001919058,762.594054222243
55.94376880288512,-3.1846339790540905,N,55.94406880288512,-3.1846339790540905,807.7555001919058,761.344054222243
55.94406880288512,-3.1846339790540905,WNW,55.94418360791483,-3.184911142913844,807.7555001919058,760.094054222243
55.94418360791483,-3.184911142913844,WSW,55.94406880288512,-3.1851883067735973,807.7555001919058,758.844054222243
55.94406880288512,-3.1851883067735973,WNW,55.94418360791483,-3.1854654706333507,807.7555001919058,757.594054222243
55.94418360791483,-3.1854654706333507,WSW,55.94406880288512,-3.185742634493104,807.7555001919058,756.344054222243
55.94406880288512,-3.185742634493104,SW,55.943856670850764,-3.18595476652746,807.7555001919058,755.094054222243
55.943856670850764,-3.18595476652746,NW,55.94406880288512,-3.1861668985618157,807.7555001919058,753.844054222243
55.94406880288512,-3.1861668985618157,NW,55.944280934919476,-3.1863790305961714,807.7555001919058,752.594054222243
55.944280934919476,-3.1863790305961714,WSW,55.944166129889766,-3.186656194455925,807.7555001919058,751.344054222243
55.944166129889766,-3.186656194455925,WNW,55.944280934919476,-3.1869333583156783,807.7555001919058,750.094054222243
55.944280934919476,-3.1869333583156783,SE,55.94406880288512,-3.1867212262813225,807.7555001919058,748.844054222243
55.94406880288512,-3.1867212262813225,NNE,55.944345966744876,-3.186606421251613,807.7555001919058,747.594054222243
55.944345966744876,-3.186606421251613,W,55.944345966744876,-3.186906421251613,807.7555001919058,746.344054222243
55.944345966744876,-3.186906421251613,NNW,55.94462313060463,-3.1870212262813227,807.7555001919058,745.094054222243
55.94462313060463,-3.1870212262813227,NNW,55.94490029446439,-3.187136031311032,807.7555001919058,743.844054222243
55.94490029446439,-3.187136031311032,NNW,55.945177458324146,-3.1872508363407417,807.7555001919058,742.594054222243
55.945177458324146,-3.1872508363407417,WSW,55.945062653294436,-3.187528000200495,807.7555001919058,741.344054222243
55.945062653294436,-3.187528000200495,ENE,55.945177458324146,-3.1872508363407417,807.7555001919058,740.094054222243
55.945177458324146,-3.1872508363407417,NNE,55.9454546221839,-3.187136031311032,807.7555001919058,738.844054222243
55.9454546221839,-3.187136031311032,W,55.9454546221839,-3.1874360313110324,807.7555001919058,737.594054222243
55.9454546221839,-3.1874360313110324,ESE,55.94533981715419,-3.187158867451279,807.7555001919058,736.344054222243
55.94533981715419,-3.187158867451279,WSW,55.94522501212448,-3.1874360313110324,807.7555001919058,735.094054222243
55.94522501212448,-3.1874360313110324,NNE,55.94550217598424,-3.187321226281323,807.7555001919058,733.844054222243
55.94550217598424,-3.187321226281323,S,55.945202175984235,-3.187321226281323,807.7555001919058,732.594054222243
55.945202175984235,-3.187321226281323,S,55.94490217598423,-3.187321226281323,807.7555001919058,731.344054222243
55.94490217598423,-3.187321226281323,SW,55.944690043949876,-3.1875333583156786,807.7555001919058,730.094054222243
55.944690043949876,-3.1875333583156786,NE,55.94490217598423,-3.187321226281323,807.7555001919058,728.844054222243
55.94490217598423,-3.187321226281323,WNW,55.94501698101394,-3.1875983901410763,807.7555001919058,727.594054222243
55.94501698101394,-3.1875983901410763,NW,55.9452291130483,-3.187810522175432,807.7555001919058,726.344054222243
55.9452291130483,-3.187810522175432,E,55.9452291130483,-3.187510522175432,807.7555001919058,725.094054222243
55.9452291130483,-3.187510522175432,SSE,55.94495194918854,-3.1873957171457223,807.7555001919058,723.844054222243
55.94495194918854,-3.1873957171457223,NNW,55.9452291130483,-3.187510522175432,807.7555001919058,722.594054222243
55.9452291130483,-3.187510522175432,NNE,55.945506276908056,-3.1873957171457223,807.7555001919058,721.344054222243
55.945506276908056,-3.1873957171457223,S,55.94520627690805,-3.1873957171457223,807.7555001919058,720.094054222243
55.94520627690805,-3.1873957171457223,NNE,55.94548344076781,-3.187280912116013,807.7555001919058,718.844054222243
55.94548344076781,-3.187280912116013,SW,55.94527130873345,-3.1874930441503686,807.7555001919058,717.594054222243
55.94527130873345,-3.1874930441503686,SSE,55.9449941448737,-3.187378239120659,807.7555001919058,716.344054222243
55.9449941448737,-3.187378239120659,SSE,55.94471698101394,-3.1872634340909496,807.7555001919058,715.094054222243
55.94471698101394,-3.1872634340909496,S,55.94441698101394,-3.1872634340909496,807.7555001919058,713.844054222243
55.94441698101394,-3.1872634340909496,NE,55.94462911304829,-3.187051302056594,807.7555001919058,712.594054222243
55.94462911304829,-3.187051302056594,N,55.944929113048296,-3.187051302056594,807.7555001919058,711.344054222243
55.944929113048296,-3.187051302056594,W,55.944929113048296,-3.187351302056594,807.7555001919058,710.094054222243
55.944929113048296,-3.187351302056594,NW,55.94514124508265,-3.1875634340909498,807.7555001919058,708.844054222243
55.94514124508265,-3.1875634340909498,S,55.94484124508265,-3.1875634340909498,807.7555001919058,707.594054222243
55.94484124508265,-3.1875634340909498,NE,55.945053377117006,-3.187351302056594,807.7555001919058,706.344054222243
55.945053377117006,-3.187351302056594,SSE,55.94477621325725,-3.1872364970268845,807.7555001919058,705.094054222243
55.94477621325725,-3.1872364970268845,E,55.94477621325725,-3.1869364970268843,807.7555001919058,703.844054222243
55.94477621325725,-3.1869364970268843,WSW,55.94466140822754,-3.1872136608866377,807.7555001919058,702.594054222243
55.94466140822754,-3.1872136608866377,WSW,55.94454660319783,-3.187490824746391,807.7555001919058,701.344054222243
55.94454660319783,-3.187490824746391,SE,55.94433447116347,-3.1872786927120353,807.7555001919058,700.094054222243
55.94433447116347,-3.1872786927120353,ESE,55.94421966613376,-3.187001528852282,807.7555001919058,698.844054222243
55.94421966613376,-3.187001528852282,SSE,55.943942502274005,-3.1868867238225724,807.7555001919058,697.594054222243
55.943942502274005,-3.1868867238225724,N,55.94424250227401,-3.1868867238225724,807.7555001919058,696.344054222243
55.94424250227401,-3.1868867238225724,NE,55.944454634308364,-3.1866745917882167,807.7555001919058,695.094054222243
55.944454634308364,-3.1866745917882167,SSE,55.94417747044861,-3.186559786758507,807.7555001919058,693.844054222243
55.94417747044861,-3.186559786758507,SE,55.94396533841425,-3.1863476547241514,807.7555001919058,692.594054222243
55.94396533841425,-3.1863476547241514,NNW,55.94424250227401,-3.186462459753861,807.7555001919058,691.344054222243
55.94424250227401,-3.186462459753861,NNE,55.944519666133765,-3.1863476547241514,807.7555001919058,690.094054222243
55.944519666133765,-3.1863476547241514,NNE,55.94479682999352,-3.186232849694442,807.7555001919058,688.844054222243
55.94479682999352,-3.186232849694442,NNW,55.94507399385328,-3.1863476547241514,807.7555001919058,687.594054222243
55.94507399385328,-3.1863476547241514,W,55.94507399385328,-3.1866476547241516,807.7555001919058,686.344054222243
55.94507399385328,-3.1866476547241516,WSW,55.94495918882357,-3.186924818583905,807.7555001919058,685.094054222243
55.94495918882357,-3.186924818583905,NW,55.94517132085792,-3.1871369506182607,807.7555001919058,683.844054222243
55.94517132085792,-3.1871369506182607,WSW,55.94505651582821,-3.187414114478014,807.7555001919058,682.594054222243
55.94505651582821,-3.187414114478014,SW,55.94484438379386,-3.18762624651237,807.7555001919058,681.344054222243
55.94484438379386,-3.18762624651237,ESE,55.94472957876415,-3.1873490826526165,807.7555001919058,680.094054222243
55.94472957876415,-3.1873490826526165,N,55.94502957876415,-3.1873490826526165,807.7555001919058,678.844054222243
55.94502957876415,-3.1873490826526165,ENE,55.94514438379386,-3.187071918792863,807.7555001919058,677.594054222243
55.94514438379386,-3.187071918792863,ENE,55.94525918882357,-3.1867947549331097,807.7555001919058,676.344054222243
55.94525918882357,-3.1867947549331097,NE,55.945471320857926,-3.186582622898754,807.7555001919058,675.094054222243
55.945471320857926,-3.186582622898754,ESE,55.945356515828216,-3.1863054590390005,807.7555001919058,673.844054222243
55.945356515828216,-3.1863054590390005,WNW,55.945471320857926,-3.186582622898754,807.7555001919058,672.594054222243
55.945471320857926,-3.186582622898754,SE,55.94525918882357,-3.186370490864398,807.7555001919058,671.344054222243
55.94525918882357,-3.186370490864398,NW,55.945471320857926,-3.186582622898754,807.7555001919058,670.094054222243
55.945471320857926,-3.186582622898754,SE,55.94525918882357,-3.186370490864398,807.7555001919058,668.844054222243
55.94525918882357,-3.186370490864398,NW,55.945471320857926,-3.186582622898754,807.7555001919058,667.594054222243
55.945471320857926,-3.186582622898754,ENE,55.94558612588764,-3.1863054590390005,807.7555001919058,666.344054222243
55.94558612588764,-3.1863054590390005,ENE,55.94570093091735,-3.186028295179247,807.7555001919058,665.094054222243
55.94570093091735,-3.186028295179247,WNW,55.94581573594706,-3.1863054590390005,807.7555001919058,663.844054222243
55.94581573594706,-3.1863054590390005,SE,55.9456036039127,-3.1860933270046448,807.7555001919058,662.594054222243
55.9456036039127,-3.1860933270046448,E,55.9456036039127,-3.1857933270046446,807.7555001919058,661.344054222243
55.9456036039127,-3.1857933270046446,S,55.9453036039127,-3.1857933270046446,807.7555001919058,660.094054222243
55.9453036039127,-3.1857933270046446,SSW,55.94502644005294,-3.185908132034354,807.7555001919058,658.844054222243
55.94502644005294,-3.185908132034354,ENE,55.94514124508265,-3.1856309681746007,807.7555001919058,657.594054222243
55.94514124508265,-3.1856309681746007,N,55.945441245082655,-3.1856309681746007,807.7555001919058,656.344054222243
55.945441245082655,-3.1856309681746007,ESE,55.945326440052945,-3.1853538043148473,807.7555001919058,655.094054222243
55.945326440052945,-3.1853538043148473,SSW,55.94504927619319,-3.185468609344557,807.7555001919058,653.844054222243
55.94504927619319,-3.185468609344557,NNE,55.945326440052945,-3.1853538043148473,807.7555001919058,652.594054222243
55.945326440052945,-3.1853538043148473,E,55.945326440052945,-3.185053804314847,807.7555001919058,651.344054222243
55.945326440052945,-3.185053804314847,N,55.94562644005295,-3.185053804314847,807.7555001919058,650.094054222243
55.94562644005295,-3.185053804314847,SE,55.94541430801859,-3.1848416722804913,807.7555001919058,648.844054222243