55.944425, -3.188396, SSW, 55.944147836140246. -3.1885108050297095, 111.6664493692887, 257.3804280575629
249,
55.944147836140246, -3.1885108050297095, NNW, 55.944425. -3.188625610059419, 111.6664493692887, 256.1304280575629
248,
55.944425, -3.188625610059419, SE, 55.944212867965646. -3.1884134780250633, 111.6664493692887, 254.88042805756288
247,
55.944212867965646, -3.1884134780250633, ESE, 55.944098062935936. -3.18813631416531, 111.6664493692887, 253.63042805756288
246,
55.944098062935936, -3.18813631416531, SSE, 55.94382089907618. -3.1880215091356003, 111.6664493692887, 252.38042805756288
245,
55.94382089907618, -3.1880215091356003, SW, 55.94360876704182. -3.188233641169956, 111.6664493692887, 251.13042805756288
244,
55.94360876704182, -3.188233641169956, E, 55.94360876704182. -3.187933641169956, 111.6664493692887, 249.88042805756288
243,
55.94360876704182, -3.187933641169956, W, 55.94360876704182. -3.188233641169956, 111.6664493692887, 248.63042805756288
242,
55.94360876704182, -3.188233641169956, WSW, 55.94349396201211. -3.1885108050297095, 111.6664493692887, 247.38042805756288
241,
55.94349396201211, -3.1885108050297095, SE, 55.94328182997776. -3.1882986729953537, 111.6664493692887, 246.13042805756288
240,
55.94328182997776, -3.1882986729953537, N, 55.94358182997776. -3.1882986729953537, 111.6664493692887, 244.88042805756288
239,
55.94358182997776, -3.1882986729953537, NNW, 55.943858993837516. -3.1884134780250633, 111.6664493692887, 243.63042805756288
238,
55.943858993837516, -3.1884134780250633, NE, 55.94407112587187. -3.1882013459907075, 111.6664493692887, 242.38042805756288
237,
55.94407112587187, -3.1882013459907075, SW, 55.943858993837516. -3.1884134780250633, 111.6664493692887, 241.13042805756288
236,
55.943858993837516, -3.1884134780250633, SE, 55.94364686180316. -3.1882013459907075, 111.6664493692887, 239.88042805756288
235,
55.94364686180316, -3.1882013459907075, ENE, 55.94376166683287. -3.187924182130954, 111.6664493692887, 238.63042805756288
234,
55.94376166683287, -3.187924182130954, SSW, 55.943484502973114. -3.1880389871606636, 111.6664493692887, 237.38042805756288
233,
55.943484502973114, -3.1880389871606636, SSW, 55.94320733911336. -3.188153792190373, 111.6664493692887, 236.13042805756288
232,
55.94320733911336, -3.188153792190373, ESE, 55.94309253408365. -3.1878766283306197, 111.6664493692887, 234.88042805756288
231,
55.94309253408365, -3.1878766283306197, SE, 55.94288040204929. -3.187664496296264, 111.6664493692887, 233.63042805756288
230,
55.94288040204929, -3.187664496296264, E, 55.94288040204929. -3.1873644962962637, 147.9401119720927, 284.3111572883311
229,
55.94288040204929, -3.1873644962962637, W, 55.94288040204929. -3.187664496296264, 147.9401119720927, 283.0611572883311
228,
55.94288040204929, -3.187664496296264, NW, 55.94309253408365. -3.1878766283306197, 147.9401119720927, 281.8111572883311
227,
55.94309253408365, -3.1878766283306197, SW, 55.94288040204929. -3.1880887603649755, 147.9401119720927, 280.5611572883311
226,
55.94288040204929, -3.1880887603649755, WSW, 55.94276559701958. -3.188365924224729, 147.9401119720927, 279.3111572883311
225,
55.94276559701958, -3.188365924224729, WNW, 55.94288040204929. -3.1886430880844823, 147.9401119720927, 278.0611572883311
224,
55.94288040204929, -3.1886430880844823, NE, 55.94309253408365. -3.1884309560501265, 147.9401119720927, 276.8111572883311
223,
55.94309253408365, -3.1884309560501265, ENE, 55.94320733911336. -3.188153792190373, 147.9401119720927, 275.5611572883311
222,
55.94320733911336, -3.188153792190373, W, 55.94320733911336. -3.1884537921903733, 147.9401119720927, 274.3111572883311
221,
55.94320733911336, -3.1884537921903733, ENE, 55.94332214414307. -3.18817662833062, 147.9401119720927, 273.0611572883311
220,
55.94332214414307, -3.18817662833062, SE, 55.94311001210871. -3.187964496296264, 147.9401119720927, 271.8111572883311
219,
55.94311001210871, -3.187964496296264, ESE, 55.942995207079. -3.1876873324365107, 147.9401119720927, 270.5611572883311
218,
55.942995207079, -3.1876873324365107, NE, 55.94320733911336. -3.187475200402155, 147.9401119720927, 269.3111572883311
217,
55.94320733911336, -3.187475200402155, SSW, 55.9429301752536. -3.1875900054318644, 147.9401119720927, 268.0611572883311
216,
55.9429301752536, -3.1875900054318644, S, 55.9426301752536. -3.1875900054318644, 147.9401119720927, 266.8111572883311
215,
55.9426301752536, -3.1875900054318644, N, 55.9429301752536. -3.1875900054318644, 147.9401119720927, 265.5611572883311
214,
55.9429301752536, -3.1875900054318644, E, 55.9429301752536. -3.1872900054318642, 147.9401119720927, 264.3111572883311
213,
55.9429301752536, -3.1872900054318642, SSE, 55.942653011393844. -3.1871752004021547, 147.9401119720927, 263.0611572883311
212,
55.942653011393844, -3.1871752004021547, W, 55.942653011393844. -3.187475200402155, 147.9401119720927, 261.8111572883311
211,
55.942653011393844, -3.187475200402155, N, 55.94295301139385. -3.187475200402155, 147.9401119720927, 260.5611572883311
210,
55.94295301139385, -3.187475200402155, W, 55.94295301139385. -3.187775200402155, 147.9401119720927, 259.3111572883311
209,
55.94295301139385, -3.187775200402155, SSE, 55.94267584753409. -3.1876603953724456, 147.9401119720927, 258.0611572883311
208,
55.94267584753409, -3.1876603953724456, NE, 55.94288797956845. -3.18744826333809, 147.9401119720927, 256.8111572883311
207,
55.94288797956845, -3.18744826333809, N, 55.94318797956845. -3.18744826333809, 147.9401119720927, 255.56115728833112
206,
55.94318797956845, -3.18744826333809, S, 55.94288797956845. -3.18744826333809, 147.9401119720927, 254.31115728833112
205,
55.94288797956845, -3.18744826333809, NNW, 55.9431651434282. -3.1875630683677993, 147.9401119720927, 253.06115728833112
204,
55.9431651434282, -3.1875630683677993, SE, 55.94295301139385. -3.1873509363334436, 147.9401119720927, 251.81115728833112
203,
55.94295301139385, -3.1873509363334436, N, 55.94325301139385. -3.1873509363334436, 147.9401119720927, 250.56115728833112
202,
55.94325301139385, -3.1873509363334436, S, 55.94295301139385. -3.1873509363334436, 147.9401119720927, 249.31115728833112
201,
55.94295301139385, -3.1873509363334436, WNW, 55.94306781642356. -3.187628100193197, 147.9401119720927, 248.06115728833112
200,
55.94306781642356, -3.187628100193197, W, 55.94306781642356. -3.187928100193197, 147.9401119720927, 246.81115728833112
199,
55.94306781642356, -3.187928100193197, SE, 55.9428556843892. -3.1877159681588414, 147.9401119720927, 245.56115728833112
198,
55.9428556843892, -3.1877159681588414, ENE, 55.94297048941891. -3.187438804299088, 147.9401119720927, 244.31115728833112
197,
55.94297048941891, -3.187438804299088, NW, 55.94318262145327. -3.1876509363334438, 147.9401119720927, 243.06115728833112
196,
55.94318262145327, -3.1876509363334438, E, 55.94318262145327. -3.1873509363334436, 147.9401119720927, 241.81115728833112
195,
55.94318262145327, -3.1873509363334436, NE, 55.943394753487624. -3.187138804299088, 147.9401119720927, 240.56115728833112
194,
55.943394753487624, -3.187138804299088, E, 55.943394753487624. -3.1868388042990876, 147.9401119720927, 239.31115728833112
193,
55.943394753487624, -3.1868388042990876, SSW, 55.94311758962787. -3.186953609328797, 263.49142833536985, 357.4735823389494
192,
55.94311758962787, -3.186953609328797, NNW, 55.943394753487624. -3.1870684143585066, 263.49142833536985, 356.2235823389494
191,
55.943394753487624, -3.1870684143585066, SE, 55.94318262145327. -3.186856282324151, 263.49142833536985, 354.9735823389494
190,
55.94318262145327, -3.186856282324151, W, 55.94318262145327. -3.187156282324151, 263.49142833536985, 353.7235823389494
189,
55.94318262145327, -3.187156282324151, S, 55.942882621453265. -3.187156282324151, 263.49142833536985, 352.4735823389494
188,
55.942882621453265, -3.187156282324151, NE, 55.94309475348762. -3.1869441502897953, 263.49142833536985, 351.2235823389494
187,
55.94309475348762, -3.1869441502897953, N, 55.943394753487624. -3.1869441502897953, 263.49142833536985, 349.9735823389494
186,
55.943394753487624, -3.1869441502897953, W, 55.943394753487624. -3.1872441502897955, 263.49142833536985, 348.7235823389494
185,
55.943394753487624, -3.1872441502897955, E, 55.943394753487624. -3.1869441502897953, 263.49142833536985, 347.4735823389494
184,
55.943394753487624, -3.1869441502897953, ESE, 55.94327994845791. -3.186666986430042, 263.49142833536985, 346.2235823389494
183,
55.94327994845791, -3.186666986430042, WNW, 55.943394753487624. -3.1869441502897953, 263.49142833536985, 344.9735823389494
182,
55.943394753487624, -3.1869441502897953, E, 55.943394753487624. -3.186644150289795, 263.49142833536985, 343.7235823389494
181,
55.943394753487624, -3.186644150289795, WSW, 55.94327994845791. -3.1869213141495485, 263.49142833536985, 342.4735823389494
180,
55.94327994845791, -3.1869213141495485, N, 55.943579948457916. -3.1869213141495485, 263.49142833536985, 341.2235823389494
179,
55.943579948457916, -3.1869213141495485, NNW, 55.94385711231767. -3.187036119179258, 263.49142833536985, 339.9735823389494
178,
55.94385711231767, -3.187036119179258, NNW, 55.94413427617743. -3.1871509242089675, 263.49142833536985, 338.7235823389494
177,
55.94413427617743, -3.1871509242089675, SW, 55.94392214414307. -3.1873630562433233, 263.49142833536985, 337.4735823389494
176,
55.94392214414307, -3.1873630562433233, NNW, 55.94419930800283. -3.187477861273033, 263.49142833536985, 336.2235823389494
175,
55.94419930800283, -3.187477861273033, NNW, 55.944476471862586. -3.1875926663027423, 263.49142833536985, 334.9735823389494
174,
55.944476471862586, -3.1875926663027423, E, 55.944476471862586. -3.187292666302742, 263.49142833536985, 333.7235823389494
173,
55.944476471862586, -3.187292666302742, W, 55.944476471862586. -3.1875926663027423, 263.49142833536985, 332.4735823389494
172,
55.944476471862586, -3.1875926663027423, NNW, 55.94475363572234. -3.187707471332452, 263.49142833536985, 331.2235823389494
171,
55.94475363572234, -3.187707471332452, NE, 55.9449657677567. -3.187495339298096, 269.0035605577047, 390.2324369764493
170,
55.9449657677567, -3.187495339298096, ENE, 55.94508057278641. -3.1872181754383426, 273.8739841947073, 419.5136823875234
169,
55.94508057278641, -3.1872181754383426, S, 55.94478057278641. -3.1872181754383426, 273.8739841947073, 418.2636823875234
168,
55.94478057278641, -3.1872181754383426, SSW, 55.94450340892665. -3.187332980468052, 273.8739841947073, 417.0136823875234
167,
55.94450340892665, -3.187332980468052, WSW, 55.94438860389694. -3.1876101443278055, 273.8739841947073, 415.7636823875234
166,
55.94438860389694, -3.1876101443278055, SE, 55.94417647186258. -3.1873980122934498, 273.8739841947073, 414.5136823875234
165,
55.94417647186258, -3.1873980122934498, E, 55.94417647186258. -3.1870980122934496, 273.8739841947073, 413.2636823875234
164,
55.94417647186258, -3.1870980122934496, NNE, 55.94445363572234. -3.18698320726374, 273.8739841947073, 412.0136823875234
163,
55.94445363572234, -3.18698320726374, NE, 55.944665767756696. -3.1867710752293843, 273.8739841947073, 410.7636823875234
162,
55.944665767756696, -3.1867710752293843, SSE, 55.94438860389694. -3.186656270199675, 273.8739841947073, 409.5136823875234
161,
55.94438860389694, -3.186656270199675, WNW, 55.94450340892665. -3.186933434059428, 273.8739841947073, 408.2636823875234
160,
55.94450340892665, -3.186933434059428, W, 55.94450340892665. -3.1872334340594284, 273.8739841947073, 407.0136823875234
159,
55.94450340892665, -3.1872334340594284, WSW, 55.94438860389694. -3.187510597919182, 273.8739841947073, 405.7636823875234
158,
55.94438860389694, -3.187510597919182, SE, 55.94417647186258. -3.187298465884826, 273.8739841947073, 404.5136823875234
157,
55.94417647186258, -3.187298465884826, SSW, 55.94389930800283. -3.1874132709145355, 273.8739841947073, 403.2636823875234
156,
55.94389930800283, -3.1874132709145355, E, 55.94389930800283. -3.1871132709145353, 273.8739841947073, 402.0136823875234
155,
55.94389930800283, -3.1871132709145353, NNW, 55.94417647186258. -3.187228075944245, 273.8739841947073, 400.7636823875234
154,
55.94417647186258, -3.187228075944245, NNW, 55.94445363572234. -3.1873428809739544, 273.8739841947073, 399.5136823875234
153,
55.94445363572234, -3.1873428809739544, SE, 55.944241503687984. -3.1871307489395986, 273.8739841947073, 398.2636823875234
152,
55.944241503687984, -3.1871307489395986, SSW, 55.94396433982823. -3.187245553969308, 273.8739841947073, 397.0136823875234
151,
55.94396433982823, -3.187245553969308, WSW, 55.94384953479852. -3.1875227178290615, 273.8739841947073, 395.7636823875234
150,
55.94384953479852, -3.1875227178290615, E, 55.94384953479852. -3.1872227178290613, 273.8739841947073, 394.5136823875234
149,
55.94384953479852, -3.1872227178290613, WSW, 55.943734729768806. -3.1874998816888147, 273.8739841947073, 393.2636823875234
148,
55.943734729768806, -3.1874998816888147, S, 55.9434347297688. -3.1874998816888147, 273.8739841947073, 392.0136823875234
147,
55.9434347297688, -3.1874998816888147, NW, 55.94364686180316. -3.1877120137231705, 273.8739841947073, 390.7636823875234
146,
55.94364686180316, -3.1877120137231705, SW, 55.9434347297688. -3.1879241457575263, 273.8739841947073, 389.5136823875234
145,
55.9434347297688, -3.1879241457575263, E, 55.9434347297688. -3.187624145757526, 273.8739841947073, 388.2636823875234
144,
55.9434347297688, -3.187624145757526, SSW, 55.94315756590905. -3.1877389507872356, 273.8739841947073, 387.0136823875234
143,
55.94315756590905, -3.1877389507872356, WNW, 55.94327237093876. -3.188016114646989, 273.8739841947073, 385.7636823875234
142,
55.94327237093876, -3.188016114646989, SSE, 55.942995207079. -3.1879013096172795, 273.8739841947073, 384.5136823875234
141,
55.942995207079, -3.1879013096172795, SSW, 55.942718043219244. -3.188016114646989, 273.8739841947073, 383.2636823875234
140,
55.942718043219244, -3.188016114646989, E, 55.942718043219244. -3.187716114646989, 273.8739841947073, 382.0136823875234
139,
55.942718043219244, -3.187716114646989, ENE, 55.942832848248955. -3.1874389507872354, 273.8739841947073, 380.7636823875234
138,
55.942832848248955, -3.1874389507872354, ESE, 55.942718043219244. -3.187161786927482, 273.8739841947073, 379.5136823875234
137,
55.942718043219244, -3.187161786927482, E, 55.942718043219244. -3.186861786927482, 273.8739841947073, 378.2636823875234
136,
55.942718043219244, -3.186861786927482, NNW, 55.942995207079. -3.1869765919571913, 273.8739841947073, 377.0136823875234
135,
55.942995207079, -3.1869765919571913, ESE, 55.94288040204929. -3.186699428097438, 273.8739841947073, 375.7636823875234
134,
55.94288040204929, -3.186699428097438, ESE, 55.94276559701958. -3.1864222642376845, 273.8739841947073, 374.5136823875234
133,
55.94276559701958, -3.1864222642376845, W, 55.94276559701958. -3.1867222642376847, 273.8739841947073, 373.2636823875234
132,
55.94276559701958, -3.1867222642376847, ESE, 55.94265079198987. -3.1864451003779313, 273.8739841947073, 372.0136823875234
131,
55.94265079198987, -3.1864451003779313, NW, 55.942862924024226. -3.186657232412287, 273.8739841947073, 370.7636823875234
130,
55.942862924024226, -3.186657232412287, SW, 55.94265079198987. -3.186869364446643, 273.8739841947073, 369.5136823875234
129,
55.94265079198987, -3.186869364446643, N, 55.94295079198987. -3.186869364446643, 273.8739841947073, 368.2636823875234
128,
55.94295079198987, -3.186869364446643, ESE, 55.94283598696016. -3.1865922005868894, 273.8739841947073, 367.0136823875234
127,
55.94283598696016, -3.1865922005868894, NW, 55.94304811899452. -3.186804332621245, 273.8739841947073, 365.7636823875234
126,
55.94304811899452, -3.186804332621245, WNW, 55.94316292402423. -3.1870814964809986, 273.8739841947073, 364.5136823875234
125,
55.94316292402423, -3.1870814964809986, WSW, 55.94304811899452. -3.187358660340752, 273.8739841947073, 363.2636823875234
124,
55.94304811899452, -3.187358660340752, SE, 55.94283598696016. -3.187146528306396, 273.8739841947073, 362.0136823875234
123,
55.94283598696016, -3.187146528306396, NE, 55.94304811899452. -3.1869343962720404, 273.8739841947073, 360.7636823875234
122,
55.94304811899452, -3.1869343962720404, SSE, 55.94277095513476. -3.186819591242331, 273.8739841947073, 359.5136823875234
121,
55.94277095513476, -3.186819591242331, E, 55.94277095513476. -3.1865195912423308, 273.8739841947073, 358.2636823875234
120,
55.94277095513476, -3.1865195912423308, NW, 55.94298308716912. -3.1867317232766865, 273.8739841947073, 357.0136823875234
119,
55.94298308716912, -3.1867317232766865, S, 55.942683087169115. -3.1867317232766865, 273.8739841947073, 355.7636823875234
118,
55.942683087169115, -3.1867317232766865, W, 55.942683087169115. -3.1870317232766867, 273.8739841947073, 354.5136823875234
117,
55.942683087169115, -3.1870317232766867, W, 55.942683087169115. -3.187331723276687, 273.8739841947073, 353.2636823875234
116,
55.942683087169115, -3.187331723276687, NE, 55.94289521920347. -3.187119591242331, 273.8739841947073, 352.0136823875234
115,
55.94289521920347, -3.187119591242331, NW, 55.94310735123783. -3.187331723276687, 273.8739841947073, 350.7636823875234
114,
55.94310735123783, -3.187331723276687, SW, 55.94289521920347. -3.1875438553110427, 273.8739841947073, 349.5136823875234
113,
55.94289521920347, -3.1875438553110427, NNE, 55.94317238306323. -3.187429050281333, 273.8739841947073, 348.2636823875234
112,
55.94317238306323, -3.187429050281333, S, 55.942872383063225. -3.187429050281333, 273.8739841947073, 347.0136823875234
111,
55.942872383063225, -3.187429050281333, ESE, 55.942757578033515. -3.1871518864215798, 273.8739841947073, 345.7636823875234
110,
55.942757578033515, -3.1871518864215798, ESE, 55.942642773003804. -3.1868747225618264, 273.8739841947073, 344.5136823875234
109,
55.942642773003804, -3.1868747225618264, E, 55.942642773003804. -3.186574722561826, 273.8739841947073, 343.2636823875234
108,
55.942642773003804, -3.186574722561826, E, 55.942642773003804. -3.186274722561826, 273.8739841947073, 342.0136823875234
107,
55.942642773003804, -3.186274722561826, NE, 55.94285490503816. -3.18606259052747, 273.8739841947073, 340.7636823875234
106,
55.94285490503816, -3.18606259052747, NNW, 55.94313206889792. -3.1861773955571797, 273.8739841947073, 339.5136823875234
105,
55.94313206889792, -3.1861773955571797, N, 55.94343206889792. -3.1861773955571797, 273.8739841947073, 338.2636823875234
104,
55.94343206889792, -3.1861773955571797, SSE, 55.94315490503816. -3.18606259052747, 273.8739841947073, 337.0136823875234
103,
55.94315490503816, -3.18606259052747, ESE, 55.94304010000845. -3.185785426667717, 273.8739841947073, 335.7636823875234
102,
55.94304010000845, -3.185785426667717, S, 55.94274010000845. -3.185785426667717, 273.8739841947073, 334.5136823875234
101,
55.94274010000845, -3.185785426667717, WNW, 55.94285490503816. -3.18606259052747, 273.8739841947073, 333.2636823875234
100,
55.94285490503816, -3.18606259052747, SE, 55.942642773003804. -3.1858504584931144, 273.8739841947073, 332.0136823875234
99,
55.942642773003804, -3.1858504584931144, NE, 55.94285490503816. -3.1856383264587587, 273.8739841947073, 330.7636823875234
98,
55.94285490503816, -3.1856383264587587, N, 55.94315490503816. -3.1856383264587587, 273.8739841947073, 329.5136823875234
97,
55.94315490503816, -3.1856383264587587, E, 55.94315490503816. -3.1853383264587585, 299.34232740035577, 390.16720746693943
96,
55.94315490503816, -3.1853383264587585, NW, 55.94336703707252. -3.1855504584931142, 299.34232740035577, 388.91720746693943
95,
55.94336703707252, -3.1855504584931142, N, 55.94366703707252. -3.1855504584931142, 299.34232740035577, 387.66720746693943
94,
55.94366703707252, -3.1855504584931142, SSE, 55.943389873212766. -3.1854356534634047, 299.34232740035577, 386.41720746693943
93,
55.943389873212766, -3.1854356534634047, N, 55.94368987321277. -3.1854356534634047, 299.34232740035577, 385.16720746693943
92,
55.94368987321277, -3.1854356534634047, WNW, 55.94380467824248. -3.185712817323158, 299.34232740035577, 383.91720746693943
91,
55.94380467824248, -3.185712817323158, WSW, 55.94368987321277. -3.1859899811829115, 299.34232740035577, 382.66720746693943
90,
55.94368987321277, -3.1859899811829115, WNW, 55.94380467824248. -3.186267145042665, 299.34232740035577, 381.41720746693943
89,
55.94380467824248, -3.186267145042665, WSW, 55.94368987321277. -3.1865443089024184, 299.34232740035577, 380.16720746693943
88,
55.94368987321277, -3.1865443089024184, SW, 55.94347774117841. -3.186756440936774, 299.34232740035577, 378.91720746693943
87,
55.94347774117841, -3.186756440936774, S, 55.94317774117841. -3.186756440936774, 299.34232740035577, 377.66720746693943
86,
55.94317774117841, -3.186756440936774, SW, 55.94296560914405. -3.18696857297113, 299.34232740035577, 376.41720746693943
85,
55.94296560914405, -3.18696857297113, WNW, 55.943080414173764. -3.1872457368308833, 299.34232740035577, 375.16720746693943
84,
55.943080414173764, -3.1872457368308833, SE, 55.94286828213941. -3.1870336047965275, 299.34232740035577, 373.91720746693943
83,
55.94286828213941, -3.1870336047965275, NW, 55.943080414173764. -3.1872457368308833, 299.34232740035577, 372.66720746693943
82,
55.943080414173764, -3.1872457368308833, SSE, 55.94280325031401. -3.187130931801174, 299.34232740035577, 371.41720746693943
81,
55.94280325031401, -3.187130931801174, W, 55.94280325031401. -3.187430931801174, 299.34232740035577, 370.16720746693943
80,
55.94280325031401, -3.187430931801174, N, 55.94310325031401. -3.187430931801174, 299.34232740035577, 368.91720746693943
79,
55.94310325031401, -3.187430931801174, NNW, 55.94338041417377. -3.1875457368308835, 299.34232740035577, 367.66720746693943
78,
55.94338041417377, -3.1875457368308835, NNW, 55.94365757803352. -3.187660541860593, 299.34232740035577, 366.41720746693943
77,
55.94365757803352, -3.187660541860593, WSW, 55.94354277300381. -3.1879377057203464, 299.34232740035577, 365.16720746693943
76,
55.94354277300381, -3.1879377057203464, SSW, 55.943265609144056. -3.188052510750056, 299.34232740035577, 363.91720746693943
75,
55.943265609144056, -3.188052510750056, NNE, 55.94354277300381. -3.1879377057203464, 299.34232740035577, 362.66720746693943
74,
55.94354277300381, -3.1879377057203464, ENE, 55.94365757803352. -3.187660541860593, 299.34232740035577, 361.41720746693943
73,
55.94365757803352, -3.187660541860593, E, 55.94365757803352. -3.187360541860593, 299.34232740035577, 360.16720746693943
72,
55.94365757803352, -3.187360541860593, WNW, 55.943772383063234. -3.187637705720346, 299.34232740035577, 358.91720746693943
71,
55.943772383063234, -3.187637705720346, ENE, 55.943887188092944. -3.187360541860593, 299.34232740035577, 357.66720746693943
70,
55.943887188092944, -3.187360541860593, NNE, 55.9441643519527. -3.1872457368308833, 299.34232740035577, 356.41720746693943
69,
55.9441643519527, -3.1872457368308833, S, 55.9438643519527. -3.1872457368308833, 299.34232740035577, 355.16720746693943
68,
55.9438643519527, -3.1872457368308833, SW, 55.94365221991834. -3.187457868865239, 299.34232740035577, 353.91720746693943
67,
55.94365221991834, -3.187457868865239, NE, 55.9438643519527. -3.1872457368308833, 299.34232740035577, 352.66720746693943
66,
55.9438643519527, -3.1872457368308833, WNW, 55.94397915698241. -3.1875229006906367, 299.34232740035577, 351.41720746693943
65,
55.94397915698241, -3.1875229006906367, W, 55.94397915698241. -3.187822900690637, 299.34232740035577, 350.16720746693943
64,
55.94397915698241, -3.187822900690637, NNW, 55.944256320842165. -3.1879377057203464, 299.34232740035577, 348.91720746693943
63,
55.944256320842165, -3.1879377057203464, NNE, 55.94453348470192. -3.187822900690637, 299.34232740035577, 347.66720746693943
62,
55.94453348470192, -3.187822900690637, NNW, 55.94481064856168. -3.1879377057203464, 299.34232740035577, 346.41720746693943
61,
55.94481064856168, -3.1879377057203464, SSE, 55.94453348470192. -3.187822900690637, 299.34232740035577, 345.16720746693943
60,
55.94453348470192, -3.187822900690637, W, 55.94453348470192. -3.188122900690637, 299.34232740035577, 343.91720746693943
59,
55.94453348470192, -3.188122900690637, SW, 55.944321352667565. -3.188335032724993, 299.34232740035577, 342.66720746693943
58,
55.944321352667565, -3.188335032724993, SE, 55.94410922063321. -3.188122900690637, 299.34232740035577, 341.41720746693943
57,
55.94410922063321, -3.188122900690637, SE, 55.94389708859885. -3.1879107686562813, 299.34232740035577, 340.16720746693943
56,
55.94389708859885, -3.1879107686562813, SSE, 55.943619924739096. -3.187795963626572, 299.34232740035577, 338.91720746693943
55,
55.943619924739096, -3.187795963626572, S, 55.94331992473909. -3.187795963626572, 299.34232740035577, 337.66720746693943
54,
55.94331992473909, -3.187795963626572, NNE, 55.94359708859885. -3.1876811585968623, 299.34232740035577, 336.41720746693943
53,
55.94359708859885, -3.1876811585968623, N, 55.94389708859885. -3.1876811585968623, 299.34232740035577, 335.16720746693943
52,
55.94389708859885, -3.1876811585968623, W, 55.94389708859885. -3.1879811585968625, 299.34232740035577, 333.91720746693943
51,
55.94389708859885, -3.1879811585968625, NW, 55.94410922063321. -3.1881932906312183, 299.34232740035577, 332.66720746693943
50,
55.94410922063321, -3.1881932906312183, WNW, 55.94422402566292. -3.1884704544909717, 299.34232740035577, 331.41720746693943
49,
55.94422402566292, -3.1884704544909717, NE, 55.944436157697275. -3.188258322456616, 299.34232740035577, 330.16720746693943
48,
55.944436157697275, -3.188258322456616, SSE, 55.94415899383752. -3.1881435174269064, 299.34232740035577, 328.91720746693943
47,
55.94415899383752, -3.1881435174269064, E, 55.94415899383752. -3.187843517426906, 299.34232740035577, 327.66720746693943
46,
55.94415899383752, -3.187843517426906, WSW, 55.94404418880781. -3.1881206812866596, 299.34232740035577, 326.41720746693943
45,
55.94404418880781, -3.1881206812866596, WSW, 55.9439293837781. -3.188397845146413, 299.34232740035577, 325.16720746693943
44,
55.9439293837781, -3.188397845146413, SE, 55.94371725174374. -3.1881857131120572, 299.34232740035577, 323.91720746693943
43,
55.94371725174374, -3.1881857131120572, S, 55.94341725174374. -3.1881857131120572, 299.34232740035577, 322.66720746693943
42,
55.94341725174374, -3.1881857131120572, SSW, 55.94314008788398. -3.1883005181417667, 299.34232740035577, 321.41720746693943
41,
55.94314008788398, -3.1883005181417667, NE, 55.94335221991834. -3.188088386107411, 299.34232740035577, 320.16720746693943
40,
55.94335221991834, -3.188088386107411, W, 55.94335221991834. -3.188388386107411, 299.34232740035577, 318.91720746693943
39,
55.94335221991834, -3.188388386107411, SSE, 55.94307505605858. -3.1882735810777016, 299.34232740035577, 317.66720746693943
38,
55.94307505605858, -3.1882735810777016, SE, 55.942862924024226. -3.188061449043346, 299.34232740035577, 316.41720746693943
37,
55.942862924024226, -3.188061449043346, NNW, 55.94314008788398. -3.1881762540730554, 299.34232740035577, 315.16720746693943
36,
55.94314008788398, -3.1881762540730554, NNE, 55.94341725174374. -3.188061449043346, 299.34232740035577, 313.91720746693943
35,
55.94341725174374, -3.188061449043346, NNE, 55.943694415603495. -3.1879466440136364, 299.34232740035577, 312.66720746693943
34,
55.943694415603495, -3.1879466440136364, NNW, 55.94397157946325. -3.188061449043346, 299.34232740035577, 311.41720746693943
33,
55.94397157946325, -3.188061449043346, W, 55.94397157946325. -3.188361449043346, 299.34232740035577, 310.16720746693943
32,
55.94397157946325, -3.188361449043346, WSW, 55.94385677443354. -3.1886386129030995, 299.34232740035577, 308.91720746693943
31,
55.94385677443354, -3.1886386129030995, NW, 55.9440689064679. -3.1888507449374552, 299.34232740035577, 307.66720746693943
30,
55.9440689064679, -3.1888507449374552, WSW, 55.94395410143819. -3.1891279087972086, 299.34232740035577, 306.41720746693943
29,
55.94395410143819, -3.1891279087972086, SW, 55.94374196940383. -3.1893400408315644, 299.34232740035577, 305.16720746693943
28,
55.94374196940383, -3.1893400408315644, ENE, 55.94385677443354. -3.189062876971811, 311.2583251277141, 344.0373656173682
27,
55.94385677443354, -3.189062876971811, ESE, 55.94374196940383. -3.1887857131120576, 311.2583251277141, 342.7873656173682
26,
55.94374196940383, -3.1887857131120576, N, 55.944041969403834. -3.1887857131120576, 311.2583251277141, 341.5373656173682
25,
55.944041969403834, -3.1887857131120576, ENE, 55.944156774433544. -3.188508549252304, 311.2583251277141, 340.2873656173682
24,
55.944156774433544, -3.188508549252304, ENE, 55.944271579463255. -3.188231385392551, 311.2583251277141, 339.0373656173682
23,
55.944271579463255, -3.188231385392551, N, 55.94457157946326. -3.188231385392551, 311.2583251277141, 337.7873656173682
22,
55.94457157946326, -3.188231385392551, NE, 55.944783711497614. -3.188019253358195, 311.2583251277141, 336.5373656173682
21,
55.944783711497614, -3.188019253358195, WNW, 55.944898516527324. -3.1882964172179484, 311.2583251277141, 335.2873656173682
20,
55.944898516527324, -3.1882964172179484, ENE, 55.945013321557035. -3.188019253358195, 311.2583251277141, 334.0373656173682
19,
55.945013321557035, -3.188019253358195, NW, 55.94522545359139. -3.188231385392551, 311.2583251277141, 332.7873656173682
18,
55.94522545359139, -3.188231385392551, S, 55.94492545359139. -3.188231385392551, 311.2583251277141, 331.5373656173682
17,
55.94492545359139, -3.188231385392551, NW, 55.945137585625744. -3.1884435174269066, 311.2583251277141, 330.2873656173682
16,
55.945137585625744, -3.1884435174269066, WNW, 55.945252390655455. -3.18872068128666, 364.3448518094741, 329.31860651572475
15,
55.945252390655455, -3.18872068128666, WNW, 55.945367195685165. -3.1889978451464134, 364.3448518094741, 328.06860651572475
14,
55.945367195685165, -3.1889978451464134, S, 55.94506719568516. -3.1889978451464134, 364.3448518094741, 326.81860651572475
13,
55.94506719568516, -3.1889978451464134, WNW, 55.94518200071487. -3.189275009006167, 364.3448518094741, 325.56860651572475
12,
55.94518200071487, -3.189275009006167, SSE, 55.944904836855116. -3.1891602039764573, 364.3448518094741, 324.31860651572475
11,
55.944904836855116, -3.1891602039764573, SSW, 55.94462767299536. -3.189275009006167, 432.00460049424095, 363.4793355765719
10,
55.94462767299536, -3.189275009006167, S, 55.94432767299536. -3.189275009006167, 459.3953205666504, 381.10511159993194
9,
55.94432767299536, -3.189275009006167, ENE, 55.94444247802507. -3.1889978451464134, 501.51378834022154, 502.1313097849112
8,
55.94444247802507, -3.1889978451464134, E, 55.94444247802507. -3.188697845146413, 501.51378834022154, 500.8813097849112
7,
55.94444247802507, -3.188697845146413, S, 55.944142478025064. -3.188697845146413, 501.51378834022154, 499.6313097849112
6,
55.944142478025064, -3.188697845146413, SSW, 55.94386531416531. -3.1888126501761227, 501.51378834022154, 498.3813097849112
5,
55.94386531416531, -3.1888126501761227, ENE, 55.94398011919502. -3.1885354863163693, 501.51378834022154, 497.1313097849112
4,
55.94398011919502, -3.1885354863163693, N, 55.94428011919502. -3.1885354863163693, 501.51378834022154, 495.8813097849112
3,
55.94428011919502, -3.1885354863163693, ESE, 55.94416531416531. -3.188258322456616, 501.51378834022154, 494.6313097849112
2,
55.94416531416531, -3.188258322456616, SSW, 55.943888150305554. -3.1883731274863254, 501.51378834022154, 493.3813097849112
1,

