55.944425,-3.188396,N,55.944725000000005,-3.188396,0.0,248.75
55.944725000000005,-3.188396,NNE,55.94500216385976,-3.1882811949702905,25.52086040381181,275.49680392551267
55.94500216385976,-3.1882811949702905,W,55.94500216385976,-3.1885811949702907,25.52086040381181,274.24680392551267
55.94500216385976,-3.1885811949702907,NW,55.94521429589412,-3.1887933270046465,39.170068963289864,327.0446865350939
55.94521429589412,-3.1887933270046465,N,55.94551429589412,-3.1887933270046465,39.170068963289864,325.7946865350939
55.94551429589412,-3.1887933270046465,ENE,55.94562910092383,-3.188516163144893,39.170068963289864,324.5446865350939
55.94562910092383,-3.188516163144893,E,55.94562910092383,-3.188216163144893,39.170068963289864,323.2946865350939
55.94562910092383,-3.188216163144893,NNE,55.94590626478359,-3.1881013581151834,100.30693307357856,351.86515320520624
55.94590626478359,-3.1881013581151834,N,55.94620626478359,-3.1881013581151834,153.1271513883707,403.881638310401
55.94620626478359,-3.1881013581151834,SE,55.945994132749234,-3.1878892260808276,153.1271513883707,402.631638310401
55.945994132749234,-3.1878892260808276,E,55.945994132749234,-3.1875892260808274,153.1271513883707,401.381638310401
55.945994132749234,-3.1875892260808274,SE,55.94578200071488,-3.1873770940464716,153.1271513883707,400.131638310401
55.94578200071488,-3.1873770940464716,S,55.945482000714875,-3.1873770940464716,158.72075402778881,439.0436218070955
55.945482000714875,-3.1873770940464716,S,55.94518200071487,-3.1873770940464716,158.72075402778881,437.7936218070955
55.94518200071487,-3.1873770940464716,S,55.94488200071487,-3.1873770940464716,158.72075402778881,436.5436218070955
55.94488200071487,-3.1873770940464716,S,55.94458200071487,-3.1873770940464716,278.08551289766854,522.0375236416904
55.94458200071487,-3.1873770940464716,SE,55.94436986868051,-3.187164962012116,278.08551289766854,520.7875236416904
55.94436986868051,-3.187164962012116,S,55.94406986868051,-3.187164962012116,278.08551289766854,519.5375236416904
55.94406986868051,-3.187164962012116,SW,55.94385773664615,-3.1873770940464716,278.08551289766854,518.2875236416904
55.94385773664615,-3.1873770940464716,SW,55.943645604611795,-3.1875892260808274,309.27417647641823,622.042486225796
55.943645604611795,-3.1875892260808274,NNE,55.94392276847155,-3.187474421051118,324.77103936557705,642.165396460341
55.94392276847155,-3.187474421051118,ENE,55.94403757350126,-3.1871972571913645,324.77103936557705,640.915396460341
55.94403757350126,-3.1871972571913645,ENE,55.94415237853097,-3.186920093331611,324.77103936557705,639.665396460341
55.94415237853097,-3.186920093331611,E,55.94415237853097,-3.186620093331611,421.5330413767304,672.0378600388458
55.94415237853097,-3.186620093331611,SSE,55.943875214671216,-3.1865052883019014,421.5330413767304,670.7878600388458
55.943875214671216,-3.1865052883019014,SE,55.94366308263686,-3.1862931562675456,475.57237129586593,697.1382367870476
55.94366308263686,-3.1862931562675456,SSE,55.9433859187771,-3.186178351237836,518.4002726010991,718.0967003187652
55.9433859187771,-3.186178351237836,SE,55.94317378674275,-3.1859662192034803,518.4002726010991,716.8467003187652
55.94317378674275,-3.1859662192034803,SE,55.94296165470839,-3.1857540871691246,630.1986819894669,750.0650199954943
55.94296165470839,-3.1857540871691246,NNE,55.94323881856815,-3.185639282139415,630.1986819894669,748.8150199954943
55.94323881856815,-3.185639282139415,NNE,55.943515982427904,-3.1855244771097055,630.1986819894669,747.5650199954943
55.943515982427904,-3.1855244771097055,NE,55.94372811446226,-3.1853123450753498,649.707092681713,821.0220216446212
55.94372811446226,-3.1853123450753498,ESE,55.94361330943255,-3.1850351812155964,649.707092681713,819.7720216446212
55.94361330943255,-3.1850351812155964,ESE,55.94349850440284,-3.184758017355843,649.707092681713,818.5220216446212
55.94349850440284,-3.184758017355843,SE,55.94328637236848,-3.184545885321487,760.8450813730482,935.2190007307385
55.94328637236848,-3.184545885321487,N,55.943586372368486,-3.184545885321487,760.8450813730482,933.9690007307385
55.943586372368486,-3.184545885321487,N,55.94388637236849,-3.184545885321487,760.8450813730482,932.7190007307385
55.94388637236849,-3.184545885321487,N,55.94418637236849,-3.184545885321487,760.8450813730482,931.4690007307385
55.94418637236849,-3.184545885321487,NNE,55.94446353622825,-3.1844310802917777,760.8450813730482,930.2190007307385
55.94446353622825,-3.1844310802917777,N,55.94476353622825,-3.1844310802917777,803.1684666430592,994.2673766168296
55.94476353622825,-3.1844310802917777,NNW,55.94504070008801,-3.184545885321487,872.3122449912422,1041.128784906439
55.94504070008801,-3.184545885321487,NNW,55.945317863947764,-3.1846606903511967,942.6183148581048,1154.440011300927
55.945317863947764,-3.1846606903511967,NNE,55.94559502780752,-3.184545885321487,1056.2138554410803,1213.9091789370593
55.94559502780752,-3.184545885321487,WNW,55.94570983283723,-3.1848230491812406,1056.2138554410803,1212.6591789370593
55.94570983283723,-3.1848230491812406,WNW,55.94582463786694,-3.185100213040994,1056.2138554410803,1211.4091789370593
55.94582463786694,-3.185100213040994,W,55.94582463786694,-3.185400213040994,1056.2138554410803,1210.1591789370593
55.94582463786694,-3.185400213040994,WNW,55.94593944289665,-3.1856773769007476,1096.0318821910605,1321.103640670952
55.94593944289665,-3.1856773769007476,SSW,55.945662279036895,-3.185792181930457,1096.0318821910605,1319.853640670952
55.945662279036895,-3.185792181930457,SSW,55.94538511517714,-3.1859069869601666,1096.0318821910605,1318.603640670952
55.94538511517714,-3.1859069869601666,SSW,55.94510795131738,-3.186021791989876,1096.0318821910605,1317.353640670952
55.94510795131738,-3.186021791989876,SSW,55.944830787457626,-3.1861365970195856,1096.0318821910605,1316.103640670952
55.944830787457626,-3.1861365970195856,SW,55.94461865542327,-3.1863487290539414,1096.0318821910605,1314.853640670952
55.94461865542327,-3.1863487290539414,SSW,55.94434149156351,-3.186463534083651,1096.0318821910605,1313.603640670952
55.94434149156351,-3.186463534083651,SW,55.94412935952916,-3.1866756661180067,1096.0318821910605,1312.353640670952
55.94412935952916,-3.1866756661180067,SSW,55.9438521956694,-3.186790471147716,1096.0318821910605,1311.103640670952
55.9438521956694,-3.186790471147716,SW,55.943640063635044,-3.187002603182072,1096.0318821910605,1309.853640670952
55.943640063635044,-3.187002603182072,SSW,55.94336289977529,-3.1871174082117815,1096.0318821910605,1308.603640670952
55.94336289977529,-3.1871174082117815,SW,55.94315076774093,-3.1873295402461372,1096.0318821910605,1307.353640670952
55.94315076774093,-3.1873295402461372,SSW,55.942873603881175,-3.1874443452758467,1118.8386977574514,1348.4685461914978
55.942873603881175,-3.1874443452758467,E,55.942873603881175,-3.1871443452758466,1118.8386977574514,1347.2185461914978
55.942873603881175,-3.1871443452758466,W,55.942873603881175,-3.1874443452758467,1207.826039264603,1422.4428615075283
55.942873603881175,-3.1874443452758467,W,55.942873603881175,-3.187744345275847,1207.826039264603,1421.1928615075283
55.942873603881175,-3.187744345275847,W,55.942873603881175,-3.188044345275847,1207.826039264603,1419.9428615075283
55.942873603881175,-3.188044345275847,W,55.942873603881175,-3.1883443452758473,1207.826039264603,1418.6928615075283
55.942873603881175,-3.1883443452758473,W,55.942873603881175,-3.1886443452758475,1207.826039264603,1417.4428615075283
55.942873603881175,-3.1886443452758475,WSW,55.942758798851465,-3.188921509135601,1207.826039264603,1416.1928615075283
55.942758798851465,-3.188921509135601,W,55.942758798851465,-3.189221509135601,1312.5034793650052,1486.0696531180115
55.942758798851465,-3.189221509135601,NNW,55.94303596271122,-3.1893363141653106,1312.5034793650052,1484.8196531180115
55.94303596271122,-3.1893363141653106,NNW,55.94331312657098,-3.18945111919502,1312.5034793650052,1483.5696531180115
55.94331312657098,-3.18945111919502,NNW,55.943590290430734,-3.1895659242247296,1312.5034793650052,1482.3196531180115
55.943590290430734,-3.1895659242247296,NNW,55.94386745429049,-3.189680729254439,1312.5034793650052,1481.0696531180115
55.94386745429049,-3.189680729254439,NW,55.94407958632485,-3.189892861288795,1414.668788420999,1564.4954165151153
55.94407958632485,-3.189892861288795,WNW,55.94419439135456,-3.1901700251485483,1414.668788420999,1563.2454165151153
55.94419439135456,-3.1901700251485483,W,55.94419439135456,-3.1904700251485485,1430.423383529413,1620.7690593173254
55.94419439135456,-3.1904700251485485,SSW,55.9439172274948,-3.190584830178258,1479.0794267842398,1686.759330791381
55.9439172274948,-3.190584830178258,SSW,55.943640063635044,-3.1906996352079675,1479.0794267842398,1685.509330791381
55.943640063635044,-3.1906996352079675,WSW,55.943525258605334,-3.190976799067721,1511.2846740239677,1772.006259479012
55.943525258605334,-3.190976799067721,N,55.94382525860534,-3.190976799067721,1511.2846740239677,1770.756259479012
55.94382525860534,-3.190976799067721,NW,55.94403739063969,-3.1911889311020767,1511.2846740239677,1769.506259479012
55.94403739063969,-3.1911889311020767,NW,55.94424952267405,-3.1914010631364325,1511.2846740239677,1768.256259479012
55.94424952267405,-3.1914010631364325,NW,55.944461654708405,-3.1916131951707882,1524.3944799300368,1794.6944083769706
55.944461654708405,-3.1916131951707882,W,55.944461654708405,-3.1919131951707884,1524.3944799300368,1793.4444083769706
55.944461654708405,-3.1919131951707884,WNW,55.944576459738116,-3.192190359030542,1556.453793120536,1876.1182101988722
55.944576459738116,-3.192190359030542,N,55.94487645973812,-3.192190359030542,1556.453793120536,1874.8682101988722
55.94487645973812,-3.192190359030542,N,55.94517645973812,-3.192190359030542,1620.8481423202884,1957.127370791646
55.94517645973812,-3.192190359030542,NE,55.94538859177248,-3.191978226996186,1620.8481423202884,1955.877370791646
55.94538859177248,-3.191978226996186,ENE,55.94550339680219,-3.1917010631364326,1704.2886399690058,1969.7166515358072
55.94550339680219,-3.1917010631364326,NE,55.945715528836544,-3.191488931102077,1704.2886399690058,1968.4666515358072
55.945715528836544,-3.191488931102077,ENE,55.945830333866255,-3.1912117672423235,1722.0970804797653,2050.050797315607
55.945830333866255,-3.1912117672423235,NNW,55.94610749772601,-3.191326572272033,1790.1325372981357,2153.8505183811712
55.94610749772601,-3.191326572272033,SE,55.945895365691655,-3.191114440237677,1790.1325372981357,2152.6005183811712
55.945895365691655,-3.191114440237677,ESE,55.945780560661944,-3.190837276377924,1790.1325372981357,2151.3505183811712
55.945780560661944,-3.190837276377924,SE,55.94556842862759,-3.190625144343568,1790.1325372981357,2150.1005183811712
55.94556842862759,-3.190625144343568,SE,55.94535629659323,-3.1904130123092123,1903.8746468146405,2178.7212112054044
55.94535629659323,-3.1904130123092123,NNW,55.94563346045299,-3.1905278173389218,1903.8746468146405,2177.4712112054044
55.94563346045299,-3.1905278173389218,N,55.94593346045299,-3.1905278173389218,1903.8746468146405,2176.2212112054044
55.94593346045299,-3.1905278173389218,ESE,55.94581865542328,-3.1902506534791684,1903.8746468146405,2174.9712112054044
55.94581865542328,-3.1902506534791684,SSE,55.945541491563525,-3.190135848449459,1903.8746468146405,2173.7212112054044
55.945541491563525,-3.190135848449459,N,55.94584149156353,-3.190135848449459,1903.8746468146405,2172.4712112054044
55.94584149156353,-3.190135848449459,E,55.94584149156353,-3.1898358484494587,1903.8746468146405,2171.2212112054044
55.94584149156353,-3.1898358484494587,E,55.94584149156353,-3.1895358484494585,1903.8746468146405,2169.9712112054044
55.94584149156353,-3.1895358484494585,WSW,55.94572668653382,-3.189813012309212,1903.8746468146405,2168.7212112054044
55.94572668653382,-3.189813012309212,NNW,55.94600385039357,-3.1899278173389214,1903.8746468146405,2167.4712112054044
55.94600385039357,-3.1899278173389214,NE,55.94621598242793,-3.1897156853045656,1903.8746468146405,2166.2212112054044
55.94621598242793,-3.1897156853045656,SW,55.94600385039357,-3.1899278173389214,1903.8746468146405,2164.9712112054044
55.94600385039357,-3.1899278173389214,SE,55.94579171835922,-3.1897156853045656,1903.8746468146405,2163.7212112054044
55.94579171835922,-3.1897156853045656,ESE,55.94567691332951,-3.189438521444812,1903.8746468146405,2162.4712112054044
55.94567691332951,-3.189438521444812,WNW,55.94579171835922,-3.1897156853045656,1903.8746468146405,2161.2212112054044
55.94579171835922,-3.1897156853045656,N,55.94609171835922,-3.1897156853045656,1903.8746468146405,2159.9712112054044
55.94609171835922,-3.1897156853045656,ESE,55.94597691332951,-3.189438521444812,1903.8746468146405,2158.7212112054044
55.94597691332951,-3.189438521444812,SE,55.94576478129515,-3.1892263894104564,1903.8746468146405,2157.4712112054044
55.94576478129515,-3.1892263894104564,W,55.94576478129515,-3.1895263894104566,1903.8746468146405,2156.2212112054044
55.94576478129515,-3.1895263894104566,NNE,55.94604194515491,-3.189411584380747,1903.8746468146405,2154.9712112054044
55.94604194515491,-3.189411584380747,SW,55.945829813120554,-3.189623716415103,1903.8746468146405,2153.7212112054044
55.945829813120554,-3.189623716415103,ESE,55.94571500809084,-3.1893465525553495,1903.8746468146405,2152.4712112054044
55.94571500809084,-3.1893465525553495,WNW,55.945829813120554,-3.189623716415103,1903.8746468146405,2151.2212112054044
55.945829813120554,-3.189623716415103,ESE,55.94571500809084,-3.1893465525553495,1903.8746468146405,2149.9712112054044
55.94571500809084,-3.1893465525553495,ENE,55.945829813120554,-3.189069388695596,1903.8746468146405,2148.7212112054044
55.945829813120554,-3.189069388695596,W,55.945829813120554,-3.1893693886955963,1903.8746468146405,2147.4712112054044
55.945829813120554,-3.1893693886955963,ENE,55.945944618150264,-3.189092224835843,1903.8746468146405,2146.2212112054044
55.945944618150264,-3.189092224835843,SE,55.94573248611591,-3.188880092801487,1903.8746468146405,2144.9712112054044
55.94573248611591,-3.188880092801487,NW,55.945944618150264,-3.189092224835843,1903.8746468146405,2143.7212112054044
55.945944618150264,-3.189092224835843,NE,55.94615675018462,-3.188880092801487,1903.8746468146405,2142.4712112054044
55.94615675018462,-3.188880092801487,SSW,55.945879586324864,-3.1889948978311966,1903.8746468146405,2141.2212112054044
55.945879586324864,-3.1889948978311966,S,55.94557958632486,-3.1889948978311966,1903.8746468146405,2139.9712112054044
55.94557958632486,-3.1889948978311966,W,55.94557958632486,-3.189294897831197,1903.8746468146405,2138.7212112054044
55.94557958632486,-3.189294897831197,ESE,55.94546478129515,-3.1890177339714434,1903.8746468146405,2137.4712112054044
55.94546478129515,-3.1890177339714434,WNW,55.94557958632486,-3.189294897831197,1903.8746468146405,2136.2212112054044
55.94557958632486,-3.189294897831197,SSW,55.945302422465105,-3.1894097028609063,1903.8746468146405,2134.9712112054044
55.945302422465105,-3.1894097028609063,SW,55.94509029043075,-3.189621834895262,1903.8746468146405,2133.7212112054044
55.94509029043075,-3.189621834895262,SE,55.94487815839639,-3.1894097028609063,1903.8746468146405,2132.4712112054044
55.94487815839639,-3.1894097028609063,W,55.94487815839639,-3.1897097028609065,1903.8746468146405,2131.2212112054044
55.94487815839639,-3.1897097028609065,WSW,55.94476335336668,-3.18998686672066,1903.8746468146405,2129.9712112054044
55.94476335336668,-3.18998686672066,W,55.94476335336668,-3.19028686672066,1903.8746468146405,2128.7212112054044
55.94476335336668,-3.19028686672066,SSE,55.944486189506925,-3.1901720616909506,1903.8746468146405,2127.4712112054044
55.944486189506925,-3.1901720616909506,NE,55.94469832154128,-3.189959929656595,1903.8746468146405,2126.2212112054044
55.94469832154128,-3.189959929656595,N,55.944998321541284,-3.189959929656595,1903.8746468146405,2124.9712112054044
55.944998321541284,-3.189959929656595,WNW,55.945113126570995,-3.190237093516348,1903.8746468146405,2123.7212112054044
55.945113126570995,-3.190237093516348,S,55.94481312657099,-3.190237093516348,1903.8746468146405,2122.4712112054044
55.94481312657099,-3.190237093516348,SE,55.944600994536636,-3.1900249614819924,1903.8746468146405,2121.2212112054044
55.944600994536636,-3.1900249614819924,N,55.94490099453664,-3.1900249614819924,1903.8746468146405,2119.9712112054044
55.94490099453664,-3.1900249614819924,ESE,55.94478618950693,-3.189747797622239,1903.8746468146405,2118.7212112054044
55.94478618950693,-3.189747797622239,E,55.94478618950693,-3.189447797622239,1903.8746468146405,2117.4712112054044
55.94478618950693,-3.189447797622239,W,55.94478618950693,-3.189747797622239,1903.8746468146405,2116.2212112054044
55.94478618950693,-3.189747797622239,SSE,55.94450902564717,-3.1896329925925295,1903.8746468146405,2114.9712112054044
55.94450902564717,-3.1896329925925295,ENE,55.94462383067688,-3.189355828732776,1903.8746468146405,2113.7212112054044
55.94462383067688,-3.189355828732776,NW,55.94483596271124,-3.189567960767132,1903.8746468146405,2112.4712112054044
55.94483596271124,-3.189567960767132,SW,55.94462383067688,-3.1897800928014877,1903.8746468146405,2111.2212112054044
55.94462383067688,-3.1897800928014877,NE,55.94483596271124,-3.189567960767132,1903.8746468146405,2109.9712112054044
55.94483596271124,-3.189567960767132,SSE,55.94455879885148,-3.1894531557374224,1903.8746468146405,2108.7212112054044
55.94455879885148,-3.1894531557374224,SE,55.944346666817125,-3.1892410237030666,1903.8746468146405,2107.4712112054044
55.944346666817125,-3.1892410237030666,SE,55.94413453478277,-3.189028891668711,1903.8746468146405,2106.2212112054044
55.94413453478277,-3.189028891668711,NNE,55.944411698642526,-3.1889140866390013,1903.8746468146405,2104.9712112054044
55.944411698642526,-3.1889140866390013,S,55.94411169864252,-3.1889140866390013,1903.8746468146405,2103.7212112054044
55.94411169864252,-3.1889140866390013,NE,55.94432383067688,-3.1887019546046456,1903.8746468146405,2102.4712112054044
55.94432383067688,-3.1887019546046456,E,55.94432383067688,-3.1884019546046454,1903.8746468146405,2101.2212112054044
55.94432383067688,-3.1884019546046454,SSW,55.94404666681712,-3.188516759634355,1903.8746468146405,2099.9712112054044
55.94404666681712,-3.188516759634355,E,55.94404666681712,-3.1882167596343547,1903.8746468146405,2098.7212112054044
55.94404666681712,-3.1882167596343547,SSE,55.943769502957366,-3.188101954604645,1903.8746468146405,2097.4712112054044
55.943769502957366,-3.188101954604645,WNW,55.94388430798708,-3.1883791184643986,1903.8746468146405,2096.2212112054044
55.94388430798708,-3.1883791184643986,E,55.94388430798708,-3.1880791184643984,1903.8746468146405,2094.9712112054044
55.94388430798708,-3.1880791184643984,WSW,55.943769502957366,-3.188356282324152,1903.8746468146405,2093.7212112054044
55.943769502957366,-3.188356282324152,NNE,55.94404666681712,-3.1882414772944423,1903.8746468146405,2092.4712112054044
55.94404666681712,-3.1882414772944423,WNW,55.94416147184683,-3.1885186411541957,1903.8746468146405,2091.2212112054044
55.94416147184683,-3.1885186411541957,NNW,55.94443863570659,-3.188633446183905,1903.8746468146405,2089.9712112054044
55.94443863570659,-3.188633446183905,SW,55.94422650367223,-3.188845578218261,1903.8746468146405,2088.7212112054044
55.94422650367223,-3.188845578218261,NNW,55.94450366753199,-3.1889603832479705,1903.8746468146405,2087.4712112054044
55.94450366753199,-3.1889603832479705,NNW,55.944780831391746,-3.18907518827768,1903.8746468146405,2086.2212112054044
55.944780831391746,-3.18907518827768,E,55.944780831391746,-3.18877518827768,1903.8746468146405,2084.9712112054044
55.944780831391746,-3.18877518827768,W,55.944780831391746,-3.18907518827768,1903.8746468146405,2083.7212112054044
55.944780831391746,-3.18907518827768,NNW,55.9450579952515,-3.1891899933073895,1903.8746468146405,2082.4712112054044
55.9450579952515,-3.1891899933073895,S,55.9447579952515,-3.1891899933073895,1903.8746468146405,2081.2212112054044
55.9447579952515,-3.1891899933073895,SSW,55.94448083139174,-3.189304798337099,1903.8746468146405,2079.9712112054044
55.94448083139174,-3.189304798337099,WSW,55.94436602636203,-3.1895819621968524,1903.8746468146405,2078.7212112054044
55.94436602636203,-3.1895819621968524,SE,55.94415389432768,-3.1893698301624966,1903.8746468146405,2077.4712112054044
55.94415389432768,-3.1893698301624966,E,55.94415389432768,-3.1890698301624965,1903.8746468146405,2076.2212112054044
55.94415389432768,-3.1890698301624965,NNE,55.94443105818743,-3.188955025132787,1903.8746468146405,2074.9712112054044
55.94443105818743,-3.188955025132787,ESE,55.94431625315772,-3.1886778612730335,1903.8746468146405,2073.7212112054044
55.94431625315772,-3.1886778612730335,ENE,55.94443105818743,-3.18840069741328,1903.8746468146405,2072.4712112054044
55.94443105818743,-3.18840069741328,WNW,55.944545863217144,-3.1886778612730335,1903.8746468146405,2071.2212112054044
55.944545863217144,-3.1886778612730335,E,55.944545863217144,-3.1883778612730334,1903.8746468146405,2069.9712112054044
55.944545863217144,-3.1883778612730334,NNE,55.9448230270769,-3.188263056243324,1903.8746468146405,2068.7212112054044
55.9448230270769,-3.188263056243324,NE,55.94503515911126,-3.188050924208968,1903.8746468146405,2067.4712112054044
55.94503515911126,-3.188050924208968,SSE,55.9447579952515,-3.1879361191792586,1903.8746468146405,2066.2212112054044
55.9447579952515,-3.1879361191792586,NNW,55.94503515911126,-3.188050924208968,1903.8746468146405,2064.9712112054044
55.94503515911126,-3.188050924208968,W,55.94503515911126,-3.1883509242089683,1903.8746468146405,2063.7212112054044
55.94503515911126,-3.1883509242089683,SE,55.9448230270769,-3.1881387921746125,1903.8746468146405,2062.4712112054044
55.9448230270769,-3.1881387921746125,ESE,55.94470822204719,-3.187861628314859,1903.8746468146405,2061.2212112054044
55.94470822204719,-3.187861628314859,E,55.94470822204719,-3.187561628314859,1903.8746468146405,2059.9712112054044
55.94470822204719,-3.187561628314859,SSE,55.94443105818743,-3.1874468232851494,1903.8746468146405,2058.7212112054044
55.94443105818743,-3.1874468232851494,NE,55.94464319022179,-3.1872346912507936,1903.8746468146405,2057.4712112054044
55.94464319022179,-3.1872346912507936,ENE,55.9447579952515,-3.18695752739104,1903.8746468146405,2056.2212112054044
55.9447579952515,-3.18695752739104,S,55.9444579952515,-3.18695752739104,1903.8746468146405,2054.9712112054044
55.9444579952515,-3.18695752739104,NW,55.94467012728585,-3.187169659425396,1903.8746468146405,2053.7212112054044
55.94467012728585,-3.187169659425396,SW,55.9444579952515,-3.1873817914597518,1903.8746468146405,2052.4712112054044
55.9444579952515,-3.1873817914597518,N,55.9447579952515,-3.1873817914597518,1903.8746468146405,2051.2212112054044
55.9447579952515,-3.1873817914597518,ENE,55.94487280028121,-3.1871046275999984,1903.8746468146405,2049.9712112054044
55.94487280028121,-3.1871046275999984,WNW,55.94498760531092,-3.1873817914597518,1903.8746468146405,2048.7212112054044
55.94498760531092,-3.1873817914597518,SW,55.944775473276565,-3.1875939234941075,1903.8746468146405,2047.4712112054044
55.944775473276565,-3.1875939234941075,E,55.944775473276565,-3.1872939234941073,1903.8746468146405,2046.2212112054044
55.944775473276565,-3.1872939234941073,SSW,55.94449830941681,-3.187408728523817,1903.8746468146405,2044.9712112054044
55.94449830941681,-3.187408728523817,NE,55.944710441451164,-3.187196596489461,1903.8746468146405,2043.7212112054044
55.944710441451164,-3.187196596489461,ESE,55.944595636421454,-3.1869194326297077,1903.8746468146405,2042.4712112054044
55.944595636421454,-3.1869194326297077,SW,55.9443835043871,-3.1871315646640634,1903.8746468146405,2041.2212112054044
55.9443835043871,-3.1871315646640634,SE,55.94417137235274,-3.1869194326297077,1903.8746468146405,2039.9712112054044
55.94417137235274,-3.1869194326297077,E,55.94417137235274,-3.1866194326297075,1903.8746468146405,2038.7212112054044
55.94417137235274,-3.1866194326297075,ESE,55.94405656732303,-3.186342268769954,1903.8746468146405,2037.4712112054044
55.94405656732303,-3.186342268769954,E,55.94405656732303,-3.186042268769954,1903.8746468146405,2036.2212112054044
55.94405656732303,-3.186042268769954,WNW,55.94417137235274,-3.1863194326297073,1903.8746468146405,2034.9712112054044
55.94417137235274,-3.1863194326297073,SSE,55.943894208492985,-3.186204627599998,1903.8746468146405,2033.7212112054044
55.943894208492985,-3.186204627599998,ESE,55.943779403463274,-3.1859274637402444,1903.8746468146405,2032.4712112054044
55.943779403463274,-3.1859274637402444,W,55.943779403463274,-3.1862274637402446,1903.8746468146405,2031.2212112054044
55.943779403463274,-3.1862274637402446,SSW,55.94350223960352,-3.186342268769954,1903.8746468146405,2029.9712112054044
55.94350223960352,-3.186342268769954,WSW,55.94338743457381,-3.1866194326297075,1903.8746468146405,2028.7212112054044
55.94338743457381,-3.1866194326297075,NW,55.943599566608164,-3.1868315646640633,1903.8746468146405,2027.4712112054044
55.943599566608164,-3.1868315646640633,N,55.94389956660817,-3.1868315646640633,1903.8746468146405,2026.2212112054044
55.94389956660817,-3.1868315646640633,NW,55.94411169864252,-3.187043696698419,1903.8746468146405,2024.9712112054044
55.94411169864252,-3.187043696698419,NNW,55.94438886250228,-3.1871585017281285,1903.8746468146405,2023.7212112054044
55.94438886250228,-3.1871585017281285,ESE,55.94427405747257,-3.186881337868375,1903.8746468146405,2022.4712112054044
55.94427405747257,-3.186881337868375,SSE,55.94399689361281,-3.1867665328386656,1903.8746468146405,2021.2212112054044
55.94399689361281,-3.1867665328386656,S,55.94369689361281,-3.1867665328386656,1903.8746468146405,2019.9712112054044
55.94369689361281,-3.1867665328386656,E,55.94369689361281,-3.1864665328386654,1903.8746468146405,2018.7212112054044
55.94369689361281,-3.1864665328386654,SSW,55.94341972975305,-3.186581337868375,1903.8746468146405,2017.4712112054044
55.94341972975305,-3.186581337868375,N,55.943719729753056,-3.186581337868375,1903.8746468146405,2016.2212112054044
55.943719729753056,-3.186581337868375,ESE,55.943604924723346,-3.1863041740086215,1903.8746468146405,2014.9712112054044
55.943604924723346,-3.1863041740086215,SSE,55.94332776086359,-3.186189368978912,1903.8746468146405,2013.7212112054044
55.94332776086359,-3.186189368978912,E,55.94332776086359,-3.185889368978912,1903.8746468146405,2012.4712112054044
55.94332776086359,-3.185889368978912,SSW,55.94305059700383,-3.1860041740086213,1903.8746468146405,2011.2212112054044
55.94305059700383,-3.1860041740086213,WSW,55.94293579197412,-3.1862813378683748,1903.8746468146405,2009.9712112054044
55.94293579197412,-3.1862813378683748,SE,55.942723659939766,-3.186069205834019,1903.8746468146405,2008.7212112054044
55.942723659939766,-3.186069205834019,NE,55.94293579197412,-3.185857073799663,1903.8746468146405,2007.4712112054044
55.94293579197412,-3.185857073799663,SE,55.942723659939766,-3.1856449417653074,1903.8746468146405,2006.2212112054044
55.942723659939766,-3.1856449417653074,NNE,55.94300082379952,-3.185530136735598,1903.8746468146405,2004.9712112054044
55.94300082379952,-3.185530136735598,WSW,55.94288601876981,-3.1858073005953513,1903.8746468146405,2003.7212112054044
55.94288601876981,-3.1858073005953513,NNW,55.94316318262957,-3.185922105625061,1903.8746468146405,2002.4712112054044
55.94316318262957,-3.185922105625061,S,55.942863182629566,-3.185922105625061,1903.8746468146405,2001.2212112054044
55.942863182629566,-3.185922105625061,ESE,55.942748377599855,-3.1856449417653074,1903.8746468146405,1999.9712112054044
55.942748377599855,-3.1856449417653074,W,55.942748377599855,-3.1859449417653076,1903.8746468146405,1998.7212112054044
55.942748377599855,-3.1859449417653076,NE,55.94296050963421,-3.185732809730952,1903.8746468146405,1997.4712112054044
55.94296050963421,-3.185732809730952,NW,55.94317264166857,-3.1859449417653076,1903.8746468146405,1996.2212112054044
55.94317264166857,-3.1859449417653076,SW,55.94296050963421,-3.1861570737996634,1903.8746468146405,1994.9712112054044
55.94296050963421,-3.1861570737996634,NNE,55.94323767349397,-3.186042268769954,1903.8746468146405,1993.7212112054044
55.94323767349397,-3.186042268769954,S,55.942937673493965,-3.186042268769954,1903.8746468146405,1992.4712112054044
55.942937673493965,-3.186042268769954,ESE,55.942822868464255,-3.1857651049102005,1903.8746468146405,1991.2212112054044
55.942822868464255,-3.1857651049102005,ESE,55.942708063434544,-3.185487941050447,1903.8746468146405,1989.9712112054044
55.942708063434544,-3.185487941050447,E,55.942708063434544,-3.185187941050447,1903.8746468146405,1988.7212112054044
55.942708063434544,-3.185187941050447,WNW,55.942822868464255,-3.1854651049102003,1903.8746468146405,1987.4712112054044
55.942822868464255,-3.1854651049102003,NW,55.94303500049861,-3.185677236944556,1903.8746468146405,1986.2212112054044
55.94303500049861,-3.185677236944556,NE,55.94324713253297,-3.1854651049102003,1903.8746468146405,1984.9712112054044
55.94324713253297,-3.1854651049102003,SW,55.94303500049861,-3.185677236944556,1903.8746468146405,1983.7212112054044