55.944425, -3.188396, ENE, 55.94453980502971. -3.1881188361402466, 10.42781798776518, 343.5648862985513
249,
55.94453980502971, -3.1881188361402466, W, 55.94453980502971. -3.188418836140247, 26.85510787447487, 409.83051558344215
248,
55.94453980502971, -3.188418836140247, SSE, 55.944262641169956. -3.1883040311105373, 85.78778815164364, 476.08148979072973
247,
55.944262641169956, -3.1883040311105373, ESE, 55.944147836140246. -3.188026867250784, 85.78778815164364, 474.83148979072973
246,
55.944147836140246, -3.188026867250784, N, 55.94444783614025. -3.188026867250784, 85.78778815164364, 473.58148979072973
245,
55.94444783614025, -3.188026867250784, N, 55.94474783614025. -3.188026867250784, 85.78778815164364, 472.33148979072973
244,
55.94474783614025, -3.188026867250784, SSE, 55.944470672280495. -3.1879120622210744, 85.78778815164364, 471.08148979072973
243,
55.944470672280495, -3.1879120622210744, SW, 55.94425854024614. -3.18812419425543, 85.78778815164364, 469.83148979072973
242,
55.94425854024614, -3.18812419425543, SSW, 55.94398137638638. -3.1882389992851397, 85.78778815164364, 468.58148979072973
241,
55.94398137638638, -3.1882389992851397, E, 55.94398137638638. -3.1879389992851395, 85.78778815164364, 467.33148979072973
240,
55.94398137638638, -3.1879389992851395, N, 55.944281376386385. -3.1879389992851395, 85.78778815164364, 466.08148979072973
239,
55.944281376386385, -3.1879389992851395, NNE, 55.94455854024614. -3.18782419425543, 85.78778815164364, 464.83148979072973
238,
55.94455854024614, -3.18782419425543, N, 55.944858540246145. -3.18782419425543, 85.78778815164364, 463.58148979072973
237,
55.944858540246145, -3.18782419425543, NNW, 55.9451357041059. -3.1879389992851395, 85.78778815164364, 462.33148979072973
236,
55.9451357041059, -3.1879389992851395, NE, 55.94534783614026. -3.1877268672507837, 85.78778815164364, 461.08148979072973
235,
55.94534783614026, -3.1877268672507837, SW, 55.9451357041059. -3.1879389992851395, 85.78778815164364, 459.83148979072973
234,
55.9451357041059, -3.1879389992851395, SE, 55.944923572071545. -3.1877268672507837, 85.78778815164364, 458.58148979072973
233,
55.944923572071545, -3.1877268672507837, ENE, 55.945038377101255. -3.1874497033910303, 85.78778815164364, 457.33148979072973
232,
55.945038377101255, -3.1874497033910303, SSW, 55.9447612132415. -3.18756450842074, 85.78778815164364, 456.08148979072973
231,
55.9447612132415, -3.18756450842074, SSW, 55.94448404938174. -3.1876793134504493, 85.78778815164364, 454.83148979072973
230,
55.94448404938174, -3.1876793134504493, ESE, 55.94436924435203. -3.187402149590696, 85.78778815164364, 453.58148979072973
229,
55.94436924435203, -3.187402149590696, SE, 55.944157112317676. -3.18719001755634, 85.78778815164364, 452.33148979072973
228,
55.944157112317676, -3.18719001755634, NE, 55.94436924435203. -3.1869778855219844, 167.23497032330897, 452.79457391364866
227,
55.94436924435203, -3.1869778855219844, W, 55.94436924435203. -3.1872778855219845, 167.23497032330897, 451.54457391364866
226,
55.94436924435203, -3.1872778855219845, S, 55.94406924435203. -3.1872778855219845, 167.23497032330897, 450.29457391364866
225,
55.94406924435203, -3.1872778855219845, NW, 55.944281376386385. -3.1874900175563403, 167.23497032330897, 449.04457391364866
224,
55.944281376386385, -3.1874900175563403, SW, 55.94406924435203. -3.187702149590696, 167.23497032330897, 447.79457391364866
223,
55.94406924435203, -3.187702149590696, WSW, 55.94395443932232. -3.1879793134504495, 167.23497032330897, 446.54457391364866
222,
55.94395443932232, -3.1879793134504495, S, 55.943654439322316. -3.1879793134504495, 167.23497032330897, 445.29457391364866
221,
55.943654439322316, -3.1879793134504495, NE, 55.94386657135667. -3.1877671814160937, 167.23497032330897, 444.04457391364866
220,
55.94386657135667, -3.1877671814160937, ENE, 55.94398137638638. -3.1874900175563403, 167.23497032330897, 442.79457391364866
219,
55.94398137638638, -3.1874900175563403, W, 55.94398137638638. -3.1877900175563405, 167.23497032330897, 441.54457391364866
218,
55.94398137638638, -3.1877900175563405, ENE, 55.94409618141609. -3.187512853696587, 167.23497032330897, 440.29457391364866
217,
55.94409618141609, -3.187512853696587, SE, 55.94388404938174. -3.1873007216622313, 167.23497032330897, 439.04457391364866
216,
55.94388404938174, -3.1873007216622313, ESE, 55.943769244352026. -3.187023557802478, 167.23497032330897, 437.79457391364866
215,
55.943769244352026, -3.187023557802478, NE, 55.94398137638638. -3.186811425768122, 167.23497032330897, 436.54457391364866
214,
55.94398137638638, -3.186811425768122, SSW, 55.943704212526626. -3.1869262307978317, 167.23497032330897, 435.29457391364866
213,
55.943704212526626, -3.1869262307978317, S, 55.94340421252662. -3.1869262307978317, 167.23497032330897, 434.04457391364866
212,
55.94340421252662, -3.1869262307978317, SSE, 55.94312704866687. -3.186811425768122, 283.8768523198446, 537.921363025297
211,
55.94312704866687, -3.186811425768122, W, 55.94312704866687. -3.1871114257681223, 283.8768523198446, 536.671363025297
210,
55.94312704866687, -3.1871114257681223, ESE, 55.943012243637156. -3.186834261908369, 283.8768523198446, 535.421363025297
209,
55.943012243637156, -3.186834261908369, NNW, 55.94328940749691. -3.1869490669380784, 283.8768523198446, 534.171363025297
208,
55.94328940749691, -3.1869490669380784, SSE, 55.943012243637156. -3.186834261908369, 283.8768523198446, 532.921363025297
207,
55.943012243637156, -3.186834261908369, SSE, 55.9427350797774. -3.1867194568786594, 283.8768523198446, 531.671363025297
206,
55.9427350797774, -3.1867194568786594, E, 55.9427350797774. -3.1864194568786592, 283.8768523198446, 530.421363025297
205,
55.9427350797774, -3.1864194568786592, E, 55.9427350797774. -3.186119456878659, 283.8768523198446, 529.171363025297
204,
55.9427350797774, -3.186119456878659, NNE, 55.943012243637156. -3.1860046518489495, 283.8768523198446, 527.921363025297
203,
55.943012243637156, -3.1860046518489495, NNE, 55.94328940749691. -3.18588984681924, 291.4614966472565, 619.6335734688098
202,
55.94328940749691, -3.18588984681924, NE, 55.94350153953127. -3.1856777147848843, 291.4614966472565, 618.3835734688098
201,
55.94350153953127, -3.1856777147848843, N, 55.94380153953127. -3.1856777147848843, 291.4614966472565, 617.1335734688098
200,
55.94380153953127, -3.1856777147848843, WNW, 55.94391634456098. -3.1859548786446377, 340.9859823654315, 726.4727095342115
199,
55.94391634456098, -3.1859548786446377, S, 55.94361634456098. -3.1859548786446377, 340.9859823654315, 725.2227095342115
198,
55.94361634456098, -3.1859548786446377, NNW, 55.943893508420736. -3.186069683674347, 340.9859823654315, 723.9727095342115
197,
55.943893508420736, -3.186069683674347, SSE, 55.94361634456098. -3.1859548786446377, 362.94900442540603, 798.8975911202816
196,
55.94361634456098, -3.1859548786446377, SE, 55.94340421252662. -3.185742746610282, 362.94900442540603, 797.6475911202816
195,
55.94340421252662, -3.185742746610282, N, 55.943704212526626. -3.185742746610282, 362.94900442540603, 796.3975911202816
194,
55.943704212526626, -3.185742746610282, S, 55.94340421252662. -3.185742746610282, 362.94900442540603, 795.1475911202816
193,
55.94340421252662, -3.185742746610282, WNW, 55.94351901755633. -3.1860199104700353, 362.94900442540603, 793.8975911202816
192,
55.94351901755633, -3.1860199104700353, W, 55.94351901755633. -3.1863199104700355, 362.94900442540603, 792.6475911202816
191,
55.94351901755633, -3.1863199104700355, NNE, 55.94379618141609. -3.186205105440326, 437.2784073890677, 878.7346832156825
190,
55.94379618141609, -3.186205105440326, SE, 55.943584049381734. -3.18599297340597, 437.2784073890677, 877.4846832156825
189,
55.943584049381734, -3.18599297340597, ENE, 55.943698854411444. -3.185715809546217, 437.2784073890677, 876.2346832156825
188,
55.943698854411444, -3.185715809546217, NW, 55.9439109864458. -3.1859279415805726, 437.2784073890677, 874.9846832156825
187,
55.9439109864458, -3.1859279415805726, E, 55.9439109864458. -3.1856279415805724, 437.2784073890677, 873.7346832156825
186,
55.9439109864458, -3.1856279415805724, NE, 55.94412311848016. -3.1854158095462166, 437.2784073890677, 872.4846832156825
185,
55.94412311848016, -3.1854158095462166, E, 55.94412311848016. -3.1851158095462164, 437.2784073890677, 871.2346832156825
184,
55.94412311848016, -3.1851158095462164, SE, 55.9439109864458. -3.1849036775118607, 437.2784073890677, 869.9846832156825
183,
55.9439109864458, -3.1849036775118607, SSE, 55.943633822586044. -3.184788872482151, 439.31323041148494, 925.7800766306963
182,
55.943633822586044, -3.184788872482151, WNW, 55.943748627615754. -3.1850660363419045, 439.31323041148494, 924.5300766306963
181,
55.943748627615754, -3.1850660363419045, WNW, 55.943863432645465. -3.185343200201658, 439.31323041148494, 923.2800766306963
180,
55.943863432645465, -3.185343200201658, ENE, 55.943978237675175. -3.1850660363419045, 439.31323041148494, 922.0300766306963
179,
55.943978237675175, -3.1850660363419045, NNW, 55.94425540153493. -3.185180841371614, 439.31323041148494, 920.7800766306963
178,
55.94425540153493, -3.185180841371614, E, 55.94425540153493. -3.184880841371614, 439.31323041148494, 919.5300766306963
177,
55.94425540153493, -3.184880841371614, E, 55.94425540153493. -3.1845808413716137, 470.129269327131, 1037.5896427620312
176,
55.94425540153493, -3.1845808413716137, W, 55.94425540153493. -3.184880841371614, 470.129269327131, 1036.3396427620312
175,
55.94425540153493, -3.184880841371614, E, 55.94425540153493. -3.1845808413716137, 470.129269327131, 1035.0896427620312
174,
55.94425540153493, -3.1845808413716137, WNW, 55.94437020656464. -3.184858005231367, 470.129269327131, 1033.8396427620312
173,
55.94437020656464, -3.184858005231367, E, 55.94437020656464. -3.184558005231367, 470.129269327131, 1032.5896427620312
172,
55.94437020656464, -3.184558005231367, SSW, 55.944093042704885. -3.1846728102610764, 470.129269327131, 1031.3396427620312
171,
55.944093042704885, -3.1846728102610764, NNE, 55.94437020656464. -3.184558005231367, 470.129269327131, 1030.0896427620312
170,
55.94437020656464, -3.184558005231367, NNW, 55.9446473704244. -3.1846728102610764, 470.129269327131, 1028.8396427620312
169,
55.9446473704244, -3.1846728102610764, E, 55.9446473704244. -3.184372810261076, 470.129269327131, 1027.5896427620312
168,
55.9446473704244, -3.184372810261076, SW, 55.94443523839004. -3.184584942295432, 470.129269327131, 1026.3396427620312
167,
55.94443523839004, -3.184584942295432, NNW, 55.9447124022498. -3.1846997473251415, 470.129269327131, 1025.0896427620312
166,
55.9447124022498, -3.1846997473251415, WSW, 55.94459759722009. -3.184976911184895, 470.129269327131, 1023.8396427620312
165,
55.94459759722009, -3.184976911184895, ENE, 55.9447124022498. -3.1846997473251415, 470.129269327131, 1022.5896427620312
164,
55.9447124022498, -3.1846997473251415, NE, 55.944924534284155. -3.1844876152907857, 470.129269327131, 1021.3396427620312
163,
55.944924534284155, -3.1844876152907857, NNE, 55.94520169814391. -3.184372810261076, 470.129269327131, 1020.0896427620312
162,
55.94520169814391, -3.184372810261076, N, 55.945501698143914. -3.184372810261076, 523.7031444868278, 1086.2204456482211
161,
55.945501698143914, -3.184372810261076, S, 55.94520169814391. -3.184372810261076, 523.7031444868278, 1084.9704456482211
160,
55.94520169814391, -3.184372810261076, S, 55.94490169814391. -3.184372810261076, 523.7031444868278, 1083.7204456482211
159,
55.94490169814391, -3.184372810261076, SSW, 55.94462453428415. -3.1844876152907857, 523.7031444868278, 1082.4704456482211
158,
55.94462453428415, -3.1844876152907857, SSE, 55.944347370424396. -3.184372810261076, 523.7031444868278, 1081.2204456482211
157,
55.944347370424396, -3.184372810261076, WSW, 55.944232565394685. -3.1846499741208296, 523.7031444868278, 1079.9704456482211
156,
55.944232565394685, -3.1846499741208296, SE, 55.94402043336033. -3.184437842086474, 523.7031444868278, 1078.7204456482211
155,
55.94402043336033, -3.184437842086474, SSW, 55.94374326950057. -3.1845526471161834, 523.7031444868278, 1077.4704456482211
154,
55.94374326950057, -3.1845526471161834, NNW, 55.94402043336033. -3.184667452145893, 523.7031444868278, 1076.2204456482211
153,
55.94402043336033, -3.184667452145893, NNW, 55.944297597220086. -3.1847822571756024, 523.7031444868278, 1074.9704456482211
152,
55.944297597220086, -3.1847822571756024, SE, 55.94408546518573. -3.1845701251412466, 523.7031444868278, 1073.7204456482211
151,
55.94408546518573, -3.1845701251412466, SSW, 55.94380830132597. -3.184684930170956, 523.7031444868278, 1072.4704456482211
150,
55.94380830132597, -3.184684930170956, WSW, 55.94369349629626. -3.1849620940307095, 523.7031444868278, 1071.2204456482211
149,
55.94369349629626, -3.1849620940307095, ESE, 55.94357869126655. -3.184684930170956, 523.7031444868278, 1069.9704456482211
148,
55.94357869126655, -3.184684930170956, NNW, 55.94385585512631. -3.1847997352006656, 523.7031444868278, 1068.7204456482211
147,
55.94385585512631, -3.1847997352006656, W, 55.94385585512631. -3.185099735200666, 523.7031444868278, 1067.4704456482211
146,
55.94385585512631, -3.185099735200666, WNW, 55.94397066015602. -3.185376899060419, 523.7031444868278, 1066.2204456482211
145,
55.94397066015602, -3.185376899060419, SW, 55.94375852812166. -3.185589031094775, 523.7031444868278, 1064.9704456482211
144,
55.94375852812166, -3.185589031094775, E, 55.94375852812166. -3.185289031094775, 523.7031444868278, 1063.7204456482211
143,
55.94375852812166, -3.185289031094775, NNE, 55.94403569198142. -3.1851742260650653, 523.7031444868278, 1062.4704456482211
142,
55.94403569198142, -3.1851742260650653, WNW, 55.94415049701113. -3.1854513899248187, 523.7031444868278, 1061.2204456482211
141,
55.94415049701113, -3.1854513899248187, SSE, 55.94387333315137. -3.185336584895109, 523.7031444868278, 1059.9704456482211
140,
55.94387333315137, -3.185336584895109, N, 55.944173333151376. -3.185336584895109, 523.7031444868278, 1058.7204456482211
139,
55.944173333151376, -3.185336584895109, SSW, 55.94389616929162. -3.1854513899248187, 523.7031444868278, 1057.4704456482211
138,
55.94389616929162, -3.1854513899248187, E, 55.94389616929162. -3.1851513899248185, 523.7031444868278, 1056.2204456482211
137,
55.94389616929162, -3.1851513899248185, NNE, 55.944173333151376. -3.185036584895109, 523.7031444868278, 1054.9704456482211
136,
55.944173333151376, -3.185036584895109, SW, 55.94396120111702. -3.1852487169294648, 523.7031444868278, 1053.7204456482211
135,
55.94396120111702, -3.1852487169294648, SW, 55.94374906908266. -3.1854608489638205, 523.7031444868278, 1052.4704456482211
134,
55.94374906908266, -3.1854608489638205, ENE, 55.943863874112374. -3.185183685104067, 523.7031444868278, 1051.2204456482211
133,
55.943863874112374, -3.185183685104067, W, 55.943863874112374. -3.1854836851040673, 523.7031444868278, 1049.9704456482211
132,
55.943863874112374, -3.1854836851040673, E, 55.943863874112374. -3.185183685104067, 523.7031444868278, 1048.7204456482211
131,
55.943863874112374, -3.185183685104067, W, 55.943863874112374. -3.1854836851040673, 523.7031444868278, 1047.4704456482211
130,
55.943863874112374, -3.1854836851040673, SSE, 55.94358671025262. -3.185368880074358, 523.7031444868278, 1046.2204456482211
129,
55.94358671025262, -3.185368880074358, NNE, 55.943863874112374. -3.1852540750446483, 523.7031444868278, 1044.9704456482211
128,
55.943863874112374, -3.1852540750446483, WNW, 55.943978679142084. -3.1855312389044017, 523.7031444868278, 1043.7204456482211
127,
55.943978679142084, -3.1855312389044017, SSW, 55.94370151528233. -3.185646043934111, 523.7031444868278, 1042.4704456482211
126,
55.94370151528233, -3.185646043934111, WSW, 55.94358671025262. -3.1859232077938646, 523.7031444868278, 1041.2204456482211
125,
55.94358671025262, -3.1859232077938646, NW, 55.943798842286974. -3.1861353398282204, 523.7031444868278, 1039.9704456482211
124,
55.943798842286974, -3.1861353398282204, N, 55.94409884228698. -3.1861353398282204, 523.7031444868278, 1038.7204456482211
123,
55.94409884228698, -3.1861353398282204, NW, 55.94431097432133. -3.186347471862576, 523.7031444868278, 1037.4704456482211
122,
55.94431097432133, -3.186347471862576, N, 55.944610974321336. -3.186347471862576, 541.9293681027598, 1159.4950316962004
121,
55.944610974321336, -3.186347471862576, NNW, 55.94488813818109. -3.1864622768922857, 541.9293681027598, 1158.2450316962004
120,
55.94488813818109, -3.1864622768922857, SSW, 55.944610974321336. -3.186577081921995, 541.9293681027598, 1156.9950316962004
119,
55.944610974321336, -3.186577081921995, SSW, 55.94433381046158. -3.1866918869517047, 541.9293681027598, 1155.7450316962004
118,
55.94433381046158, -3.1866918869517047, S, 55.944033810461576. -3.1866918869517047, 541.9293681027598, 1154.4950316962004
117,
55.944033810461576, -3.1866918869517047, E, 55.944033810461576. -3.1863918869517045, 541.9293681027598, 1153.2450316962004
116,
55.944033810461576, -3.1863918869517045, SSW, 55.94375664660182. -3.186506691981414, 541.9293681027598, 1151.9950316962004
115,
55.94375664660182, -3.186506691981414, N, 55.94405664660182. -3.186506691981414, 541.9293681027598, 1150.7450316962004
114,
55.94405664660182, -3.186506691981414, ESE, 55.94394184157211. -3.1862295281216606, 541.9293681027598, 1149.4950316962004
113,
55.94394184157211, -3.1862295281216606, SSE, 55.943664677712356. -3.186114723091951, 541.9293681027598, 1148.2450316962004
112,
55.943664677712356, -3.186114723091951, E, 55.943664677712356. -3.185814723091951, 541.9293681027598, 1146.9950316962004
111,
55.943664677712356, -3.185814723091951, SSW, 55.9433875138526. -3.1859295281216604, 541.9293681027598, 1145.7450316962004
110,
55.9433875138526, -3.1859295281216604, WSW, 55.94327270882289. -3.186206691981414, 541.9293681027598, 1144.4950316962004
109,
55.94327270882289, -3.186206691981414, ESE, 55.94315790379318. -3.1859295281216604, 541.9293681027598, 1143.2450316962004
108,
55.94315790379318, -3.1859295281216604, SE, 55.94294577175882. -3.1857173960873046, 541.9293681027598, 1141.9950316962004
107,
55.94294577175882, -3.1857173960873046, SE, 55.942733639724466. -3.185505264052949, 541.9293681027598, 1140.7450316962004
106,
55.942733639724466, -3.185505264052949, NNE, 55.94301080358422. -3.1853904590232394, 541.9293681027598, 1139.4950316962004
105,
55.94301080358422, -3.1853904590232394, E, 55.94301080358422. -3.185090459023239, 541.9293681027598, 1138.2450316962004
104,
55.94301080358422, -3.185090459023239, WSW, 55.94289599855451. -3.1853676228829926, 541.9293681027598, 1136.9950316962004
103,
55.94289599855451, -3.1853676228829926, ESE, 55.9427811935248. -3.185090459023239, 541.9293681027598, 1135.7450316962004
102,
55.9427811935248, -3.185090459023239, W, 55.9427811935248. -3.1853904590232394, 541.9293681027598, 1134.4950316962004
101,
55.9427811935248, -3.1853904590232394, NE, 55.94299332555916. -3.1851783269888836, 541.9293681027598, 1133.2450316962004
100,
55.94299332555916, -3.1851783269888836, W, 55.94299332555916. -3.185478326988884, 541.9293681027598, 1131.9950316962004
99,
55.94299332555916, -3.185478326988884, SW, 55.9427811935248. -3.1856904590232396, 541.9293681027598, 1130.7450316962004
98,
55.9427811935248, -3.1856904590232396, NNE, 55.94305835738456. -3.18557565399353, 541.9293681027598, 1129.4950316962004
97,
55.94305835738456, -3.18557565399353, S, 55.942758357384555. -3.18557565399353, 541.9293681027598, 1128.2450316962004
96,
55.942758357384555, -3.18557565399353, ESE, 55.942643552354845. -3.1852984901337766, 541.9293681027598, 1126.9950316962004
95,
55.942643552354845, -3.1852984901337766, E, 55.942643552354845. -3.1849984901337764, 541.9293681027598, 1125.7450316962004
94,
55.942643552354845, -3.1849984901337764, WNW, 55.942758357384555. -3.18527565399353, 541.9293681027598, 1124.4950316962004
93,
55.942758357384555, -3.18527565399353, NW, 55.94297048941891. -3.1854877860278856, 541.9293681027598, 1123.2450316962004
92,
55.94297048941891, -3.1854877860278856, NE, 55.94318262145327. -3.18527565399353, 541.9293681027598, 1121.9950316962004
91,
55.94318262145327, -3.18527565399353, SW, 55.94297048941891. -3.1854877860278856, 541.9293681027598, 1120.7450316962004
90,
55.94297048941891, -3.1854877860278856, NW, 55.94318262145327. -3.1856999180622414, 541.9293681027598, 1119.4950316962004
89,
55.94318262145327, -3.1856999180622414, N, 55.94348262145327. -3.1856999180622414, 541.9293681027598, 1118.2450316962004
88,
55.94348262145327, -3.1856999180622414, SSE, 55.943205457593514. -3.185585113032532, 541.9293681027598, 1116.9950316962004
87,
55.943205457593514, -3.185585113032532, E, 55.943205457593514. -3.1852851130325317, 541.9293681027598, 1115.7450316962004
86,
55.943205457593514, -3.1852851130325317, E, 55.943205457593514. -3.1849851130325315, 541.9293681027598, 1114.4950316962004
85,
55.943205457593514, -3.1849851130325315, W, 55.943205457593514. -3.1852851130325317, 541.9293681027598, 1113.2450316962004
84,
55.943205457593514, -3.1852851130325317, S, 55.94290545759351. -3.1852851130325317, 541.9293681027598, 1111.9950316962004
83,
55.94290545759351, -3.1852851130325317, WSW, 55.9427906525638. -3.185562276892285, 541.9293681027598, 1110.7450316962004
82,
55.9427906525638, -3.185562276892285, NW, 55.94300278459816. -3.185774408926641, 541.9293681027598, 1109.4950316962004
81,
55.94300278459816, -3.185774408926641, NW, 55.94321491663251. -3.1859865409609966, 541.9293681027598, 1108.2450316962004
80,
55.94321491663251, -3.1859865409609966, SE, 55.94300278459816. -3.185774408926641, 541.9293681027598, 1106.9950316962004
79,
55.94300278459816, -3.185774408926641, SE, 55.9427906525638. -3.185562276892285, 541.9293681027598, 1105.7450316962004
78,
55.9427906525638, -3.185562276892285, NW, 55.94300278459816. -3.185774408926641, 541.9293681027598, 1104.4950316962004
77,
55.94300278459816, -3.185774408926641, SSE, 55.9427256207384. -3.1856596038969314, 541.9293681027598, 1103.2450316962004
76,
55.9427256207384, -3.1856596038969314, W, 55.9427256207384. -3.1859596038969316, 541.9293681027598, 1101.9950316962004
75,
55.9427256207384, -3.1859596038969316, N, 55.9430256207384. -3.1859596038969316, 541.9293681027598, 1100.7450316962004
74,
55.9430256207384, -3.1859596038969316, SW, 55.94281348870405. -3.1861717359312873, 541.9293681027598, 1099.4950316962004
73,
55.94281348870405, -3.1861717359312873, N, 55.94311348870405. -3.1861717359312873, 541.9293681027598, 1098.2450316962004
72,
55.94311348870405, -3.1861717359312873, SE, 55.942901356669694. -3.1859596038969316, 541.9293681027598, 1096.9950316962004
71,
55.942901356669694, -3.1859596038969316, ENE, 55.943016161699404. -3.185682440037178, 541.9293681027598, 1095.7450316962004
70,
55.943016161699404, -3.185682440037178, NNE, 55.94329332555916. -3.1855676350074686, 541.9293681027598, 1094.4950316962004
69,
55.94329332555916, -3.1855676350074686, SE, 55.943081193524804. -3.185355502973113, 541.9293681027598, 1093.2450316962004
68,
55.943081193524804, -3.185355502973113, SSW, 55.94280402966505. -3.1854703080028224, 541.9293681027598, 1091.9950316962004
67,
55.94280402966505, -3.1854703080028224, WNW, 55.94291883469476. -3.185747471862576, 541.9293681027598, 1090.7450316962004
66,
55.94291883469476, -3.185747471862576, ENE, 55.94303363972447. -3.1854703080028224, 541.9293681027598, 1089.4950316962004
65,
55.94303363972447, -3.1854703080028224, N, 55.94333363972447. -3.1854703080028224, 541.9293681027598, 1088.2450316962004
64,
55.94333363972447, -3.1854703080028224, SW, 55.943121507690115. -3.185682440037178, 541.9293681027598, 1086.9950316962004
63,
55.943121507690115, -3.185682440037178, SW, 55.94290937565576. -3.185894572071534, 541.9293681027598, 1085.7450316962004
62,
55.94290937565576, -3.185894572071534, NE, 55.943121507690115. -3.185682440037178, 541.9293681027598, 1084.4950316962004
61,
55.943121507690115, -3.185682440037178, WNW, 55.943236312719826. -3.1859596038969316, 541.9293681027598, 1083.2450316962004
60,
55.943236312719826, -3.1859596038969316, NNW, 55.94351347657958. -3.186074408926641, 541.9293681027598, 1081.9950316962004
59,
55.94351347657958, -3.186074408926641, NNW, 55.94379064043934. -3.1861892139563506, 541.9293681027598, 1080.7450316962004
58,
55.94379064043934, -3.1861892139563506, NNE, 55.944067804299095. -3.186074408926641, 541.9293681027598, 1079.4950316962004
57,
55.944067804299095, -3.186074408926641, NNW, 55.94434496815885. -3.1861892139563506, 541.9293681027598, 1078.2450316962004
56,
55.94434496815885, -3.1861892139563506, ENE, 55.94445977318856. -3.185912050096597, 541.9293681027598, 1076.9950316962004
55,
55.94445977318856, -3.185912050096597, W, 55.94445977318856. -3.1862120500965974, 541.9293681027598, 1075.7450316962004
54,
55.94445977318856, -3.1862120500965974, WNW, 55.94457457821827. -3.1864892139563508, 541.9293681027598, 1074.4950316962004
53,
55.94457457821827, -3.1864892139563508, W, 55.94457457821827. -3.186789213956351, 541.9293681027598, 1073.2450316962004
52,
55.94457457821827, -3.186789213956351, SE, 55.944362446183916. -3.186577081921995, 541.9293681027598, 1071.9950316962004
51,
55.944362446183916, -3.186577081921995, SE, 55.94415031414956. -3.1863649498876394, 541.9293681027598, 1070.7450316962004
50,
55.94415031414956, -3.1863649498876394, S, 55.94385031414956. -3.1863649498876394, 541.9293681027598, 1069.4950316962004
49,
55.94385031414956, -3.1863649498876394, NNE, 55.944127478009314. -3.18625014485793, 541.9293681027598, 1068.2450316962004
48,
55.944127478009314, -3.18625014485793, N, 55.94442747800932. -3.18625014485793, 541.9293681027598, 1066.9950316962004
47,
55.94442747800932, -3.18625014485793, SE, 55.94421534597496. -3.186038012823574, 541.9293681027598, 1065.7450316962004
46,
55.94421534597496, -3.186038012823574, NW, 55.94442747800932. -3.18625014485793, 541.9293681027598, 1064.4950316962004
45,
55.94442747800932, -3.18625014485793, ENE, 55.94454228303903. -3.1859729809981765, 541.9293681027598, 1063.2450316962004
44,
55.94454228303903, -3.1859729809981765, ENE, 55.94465708806874. -3.185695817138423, 541.9293681027598, 1061.9950316962004
43,
55.94465708806874, -3.185695817138423, E, 55.94465708806874. -3.185395817138423, 541.9293681027598, 1060.7450316962004
42,
55.94465708806874, -3.185395817138423, E, 55.94465708806874. -3.1850958171384227, 541.9293681027598, 1059.4950316962004
41,
55.94465708806874, -3.1850958171384227, W, 55.94465708806874. -3.185395817138423, 541.9293681027598, 1058.2450316962004
40,
55.94465708806874, -3.185395817138423, WSW, 55.94454228303903. -3.1856729809981763, 541.9293681027598, 1056.9950316962004
39,
55.94454228303903, -3.1856729809981763, SE, 55.94433015100467. -3.1854608489638205, 541.9293681027598, 1055.7450316962004
38,
55.94433015100467, -3.1854608489638205, S, 55.94403015100467. -3.1854608489638205, 541.9293681027598, 1054.4950316962004
37,
55.94403015100467, -3.1854608489638205, SSW, 55.94375298714491. -3.18557565399353, 541.9293681027598, 1053.2450316962004
36,
55.94375298714491, -3.18557565399353, NE, 55.94396511917927. -3.1853635219591743, 541.9293681027598, 1051.9950316962004
35,
55.94396511917927, -3.1853635219591743, W, 55.94396511917927. -3.1856635219591745, 541.9293681027598, 1050.7450316962004
34,
55.94396511917927, -3.1856635219591745, SSE, 55.94368795531951. -3.185548716929465, 541.9293681027598, 1049.4950316962004
33,
55.94368795531951, -3.185548716929465, WNW, 55.94380276034922. -3.1858258807892184, 541.9293681027598, 1048.2450316962004
32,
55.94380276034922, -3.1858258807892184, NNW, 55.94407992420898. -3.185940685818928, 541.9293681027598, 1046.9950316962004
31,
55.94407992420898, -3.185940685818928, NNE, 55.944357088068735. -3.1858258807892184, 541.9293681027598, 1045.7450316962004
30,
55.944357088068735, -3.1858258807892184, SSE, 55.94407992420898. -3.185711075759509, 541.9293681027598, 1044.4950316962004
29,
55.94407992420898, -3.185711075759509, NNW, 55.944357088068735. -3.1858258807892184, 541.9293681027598, 1043.2450316962004
28,
55.944357088068735, -3.1858258807892184, WNW, 55.944471893098445. -3.1861030446489718, 541.9293681027598, 1041.9950316962004
27,
55.944471893098445, -3.1861030446489718, SE, 55.94425976106409. -3.185890912614616, 541.9293681027598, 1040.7450316962004
26,
55.94425976106409, -3.185890912614616, NW, 55.944471893098445. -3.1861030446489718, 541.9293681027598, 1039.4950316962004
25,
55.944471893098445, -3.1861030446489718, W, 55.944471893098445. -3.186403044648972, 541.9293681027598, 1038.2450316962004
24,
55.944471893098445, -3.186403044648972, S, 55.94417189309844. -3.186403044648972, 541.9293681027598, 1036.9950316962004
23,
55.94417189309844, -3.186403044648972, ESE, 55.94405708806873. -3.1861258807892185, 541.9293681027598, 1035.7450316962004
22,
55.94405708806873, -3.1861258807892185, N, 55.944357088068735. -3.1861258807892185, 541.9293681027598, 1034.4950316962004
21,
55.944357088068735, -3.1861258807892185, ESE, 55.944242283039024. -3.185848716929465, 541.9293681027598, 1033.2450316962004
20,
55.944242283039024, -3.185848716929465, ENE, 55.944357088068735. -3.1855715530697117, 541.9293681027598, 1031.9950316962004
19,
55.944357088068735, -3.1855715530697117, N, 55.94465708806874. -3.1855715530697117, 541.9293681027598, 1030.7450316962004
18,
55.94465708806874, -3.1855715530697117, NE, 55.944869220103094. -3.185359421035356, 541.9293681027598, 1029.4950316962004
17,
55.944869220103094, -3.185359421035356, NW, 55.94508135213745. -3.1855715530697117, 541.9293681027598, 1028.2450316962004
16,
55.94508135213745, -3.1855715530697117, E, 55.94508135213745. -3.1852715530697115, 541.9293681027598, 1026.9950316962004
15,
55.94508135213745, -3.1852715530697115, SSE, 55.94480418827769. -3.185156748040002, 541.9293681027598, 1025.7450316962004
14,
55.94480418827769, -3.185156748040002, S, 55.94450418827769. -3.185156748040002, 541.9293681027598, 1024.4950316962004
13,
55.94450418827769, -3.185156748040002, NW, 55.94471632031205. -3.185368880074358, 541.9293681027598, 1023.2450316962004
12,
55.94471632031205, -3.185368880074358, NE, 55.9449284523464. -3.185156748040002, 541.9293681027598, 1021.9950316962004
11,
55.9449284523464, -3.185156748040002, SW, 55.94471632031205. -3.185368880074358, 541.9293681027598, 1020.7450316962004
10,
55.94471632031205, -3.185368880074358, WNW, 55.94483112534176. -3.185646043934111, 541.9293681027598, 1019.4950316962004
9,
55.94483112534176, -3.185646043934111, S, 55.944531125341754. -3.185646043934111, 541.9293681027598, 1018.2450316962004
8,
55.944531125341754, -3.185646043934111, E, 55.944531125341754. -3.185346043934111, 541.9293681027598, 1016.9950316962004
7,
55.944531125341754, -3.185346043934111, S, 55.94423112534175. -3.185346043934111, 541.9293681027598, 1015.7450316962004
6,
55.94423112534175, -3.185346043934111, SSW, 55.943953961481995. -3.1854608489638205, 541.9293681027598, 1014.4950316962004
5,
55.943953961481995, -3.1854608489638205, ENE, 55.944068766511705. -3.185183685104067, 541.9293681027598, 1013.2450316962004
4,
55.944068766511705, -3.185183685104067, N, 55.94436876651171. -3.185183685104067, 541.9293681027598, 1011.9950316962004
3,
55.94436876651171, -3.185183685104067, ESE, 55.944253961482. -3.1849065212443137, 541.9293681027598, 1010.7450316962004
2,
55.944253961482, -3.1849065212443137, SSW, 55.94397679762224. -3.1850213262740232, 541.9293681027598, 1009.4950316962004
1,

