55.944425,-3.188396,NNW,55.94470216385976,-3.1885108050297095,0.0,248.75
55.94470216385976,-3.1885108050297095,N,55.94500216385976,-3.1885108050297095,0.0,247.5
55.94500216385976,-3.1885108050297095,SE,55.944790031825406,-3.1882986729953537,0.0,246.25
55.944790031825406,-3.1882986729953537,SSE,55.94451286796565,-3.1881838679656442,0.0,245.0
55.94451286796565,-3.1881838679656442,SW,55.94430073593129,-3.188396,0.0,243.75
55.94430073593129,-3.188396,E,55.94430073593129,-3.188096,0.0,242.5
55.94430073593129,-3.188096,W,55.94430073593129,-3.188396,0.0,241.25
55.94430073593129,-3.188396,WSW,55.94418593090158,-3.1886731638597534,0.0,240.0
55.94418593090158,-3.1886731638597534,SE,55.943973798867226,-3.1884610318253976,0.0,238.75
55.943973798867226,-3.1884610318253976,N,55.94427379886723,-3.1884610318253976,0.0,237.5
55.94427379886723,-3.1884610318253976,NNW,55.944550962726986,-3.188575836855107,0.0,236.25
55.944550962726986,-3.188575836855107,SSE,55.94427379886723,-3.1884610318253976,0.0,235.0
55.94427379886723,-3.1884610318253976,SW,55.94406166683287,-3.1886731638597534,0.0,233.75
55.94406166683287,-3.1886731638597534,SE,55.94384953479852,-3.1884610318253976,0.0,232.5
55.94384953479852,-3.1884610318253976,ENE,55.94396433982823,-3.1881838679656442,0.0,231.25
55.94396433982823,-3.1881838679656442,SSW,55.94368717596847,-3.1882986729953537,0.0,230.0
55.94368717596847,-3.1882986729953537,SSW,55.943410012108714,-3.1884134780250633,0.0,228.75
55.943410012108714,-3.1884134780250633,ESE,55.943295207079004,-3.18813631416531,0.0,227.5
55.943295207079004,-3.18813631416531,SE,55.94308307504465,-3.187924182130954,0.0,226.25
55.94308307504465,-3.187924182130954,SSE,55.94280591118489,-3.1878093771012446,110.55076843807508,279.01227526911003
55.94280591118489,-3.1878093771012446,WNW,55.9429207162146,-3.188086540960998,110.55076843807508,277.76227526911003
55.9429207162146,-3.188086540960998,SSW,55.942643552354845,-3.1882013459907075,110.55076843807508,276.51227526911003
55.942643552354845,-3.1882013459907075,NW,55.9428556843892,-3.1884134780250633,110.55076843807508,275.26227526911003
55.9428556843892,-3.1884134780250633,SW,55.942643552354845,-3.188625610059419,110.55076843807508,274.01227526911003
55.942643552354845,-3.188625610059419,WNW,55.942758357384555,-3.1889027739191724,110.55076843807508,272.76227526911003
55.942758357384555,-3.1889027739191724,NE,55.94297048941891,-3.1886906418848167,110.55076843807508,271.51227526911003
55.94297048941891,-3.1886906418848167,ENE,55.94308529444862,-3.1884134780250633,110.55076843807508,270.26227526911003
55.94308529444862,-3.1884134780250633,W,55.94308529444862,-3.1887134780250634,110.55076843807508,269.01227526911003
55.94308529444862,-3.1887134780250634,WNW,55.94320009947833,-3.188990641884817,205.0579235487507,303.1744057934384
55.94320009947833,-3.188990641884817,ENE,55.94331490450804,-3.1887134780250634,205.0579235487507,301.9244057934384
55.94331490450804,-3.1887134780250634,SE,55.94310277247369,-3.1885013459907077,205.0579235487507,300.6744057934384
55.94310277247369,-3.1885013459907077,ESE,55.942987967443976,-3.1882241821309543,205.0579235487507,299.4244057934384
55.942987967443976,-3.1882241821309543,NE,55.94320009947833,-3.1880120500965985,205.0579235487507,298.1744057934384
55.94320009947833,-3.1880120500965985,NE,55.94341223151269,-3.1877999180622427,229.5074553228399,417.16699650355497
55.94341223151269,-3.1877999180622427,NW,55.943624363547045,-3.1880120500965985,229.5074553228399,415.91699650355497
55.943624363547045,-3.1880120500965985,S,55.94332436354704,-3.1880120500965985,229.5074553228399,414.66699650355497
55.94332436354704,-3.1880120500965985,N,55.943624363547045,-3.1880120500965985,229.5074553228399,413.41699650355497
55.943624363547045,-3.1880120500965985,E,55.943624363547045,-3.1877120500965983,229.5074553228399,412.16699650355497
55.943624363547045,-3.1877120500965983,SSE,55.94334719968729,-3.187597245066889,229.5074553228399,410.91699650355497
55.94334719968729,-3.187597245066889,NNE,55.943624363547045,-3.1874824400371793,229.5074553228399,409.66699650355497
55.943624363547045,-3.1874824400371793,SSW,55.94334719968729,-3.187597245066889,229.5074553228399,408.41699650355497
55.94334719968729,-3.187597245066889,WSW,55.94323239465758,-3.187874408926642,229.5074553228399,407.16699650355497
55.94323239465758,-3.187874408926642,NNW,55.943509558517334,-3.1879892139563517,229.5074553228399,405.91699650355497
55.943509558517334,-3.1879892139563517,N,55.94380955851734,-3.1879892139563517,229.5074553228399,404.66699650355497
55.94380955851734,-3.1879892139563517,W,55.94380955851734,-3.188289213956352,229.5074553228399,403.41699650355497
55.94380955851734,-3.188289213956352,SSE,55.94353239465758,-3.1881744089266424,229.5074553228399,402.16699650355497
55.94353239465758,-3.1881744089266424,NE,55.94374452669194,-3.1879622768922866,229.5074553228399,400.91699650355497
55.94374452669194,-3.1879622768922866,N,55.94404452669194,-3.1879622768922866,229.5074553228399,399.66699650355497
55.94404452669194,-3.1879622768922866,S,55.94374452669194,-3.1879622768922866,229.5074553228399,398.41699650355497
55.94374452669194,-3.1879622768922866,NNW,55.94402169055169,-3.188077081921996,229.5074553228399,397.16699650355497
55.94402169055169,-3.188077081921996,SE,55.94380955851734,-3.1878649498876404,229.5074553228399,395.91699650355497
55.94380955851734,-3.1878649498876404,N,55.94410955851734,-3.1878649498876404,229.5074553228399,394.66699650355497
55.94410955851734,-3.1878649498876404,S,55.94380955851734,-3.1878649498876404,229.5074553228399,393.41699650355497
55.94380955851734,-3.1878649498876404,WNW,55.94392436354705,-3.1881421137473938,229.5074553228399,392.16699650355497
55.94392436354705,-3.1881421137473938,W,55.94392436354705,-3.188442113747394,229.5074553228399,390.91699650355497
55.94392436354705,-3.188442113747394,SE,55.94371223151269,-3.188229981713038,229.5074553228399,389.66699650355497
55.94371223151269,-3.188229981713038,ENE,55.9438270365424,-3.1879528178532848,229.5074553228399,388.41699650355497
55.9438270365424,-3.1879528178532848,NW,55.94403916857676,-3.1881649498876405,229.5074553228399,387.16699650355497
55.94403916857676,-3.1881649498876405,E,55.94403916857676,-3.1878649498876404,229.5074553228399,385.91699650355497
55.94403916857676,-3.1878649498876404,NE,55.944251300611114,-3.1876528178532846,229.5074553228399,384.66699650355497
55.944251300611114,-3.1876528178532846,E,55.944251300611114,-3.1873528178532844,229.5074553228399,383.41699650355497
55.944251300611114,-3.1873528178532844,NNE,55.94452846447087,-3.187238012823575,329.9642219549071,420.568613483686
55.94452846447087,-3.187238012823575,SE,55.944316332436514,-3.187025880789219,329.9642219549071,419.318613483686
55.944316332436514,-3.187025880789219,SE,55.94410420040216,-3.1868137487548633,329.9642219549071,418.068613483686
55.94410420040216,-3.1868137487548633,E,55.94410420040216,-3.186513748754863,443.8651010071701,500.23160731231604
55.94410420040216,-3.186513748754863,NW,55.944316332436514,-3.186725880789219,466.53106371952856,541.3529993254065
55.944316332436514,-3.186725880789219,W,55.944316332436514,-3.187025880789219,466.53106371952856,540.1029993254065
55.944316332436514,-3.187025880789219,S,55.94401633243651,-3.187025880789219,466.53106371952856,538.8529993254065
55.94401633243651,-3.187025880789219,NE,55.94422846447087,-3.1868137487548633,466.53106371952856,537.6029993254065
55.94422846447087,-3.1868137487548633,N,55.94452846447087,-3.1868137487548633,466.53106371952856,536.3529993254065
55.94452846447087,-3.1868137487548633,W,55.94452846447087,-3.1871137487548635,466.53106371952856,535.1029993254065
55.94452846447087,-3.1871137487548635,E,55.94452846447087,-3.1868137487548633,466.53106371952856,533.8529993254065
55.94452846447087,-3.1868137487548633,ESE,55.94441365944116,-3.18653658489511,466.53106371952856,532.6029993254065
55.94441365944116,-3.18653658489511,WNW,55.94452846447087,-3.1868137487548633,466.53106371952856,531.3529993254065
55.94452846447087,-3.1868137487548633,E,55.94452846447087,-3.186513748754863,466.53106371952856,530.1029993254065
55.94452846447087,-3.186513748754863,WSW,55.94441365944116,-3.1867909126146166,466.53106371952856,528.8529993254065
55.94441365944116,-3.1867909126146166,N,55.94471365944116,-3.1867909126146166,466.53106371952856,527.6029993254065
55.94471365944116,-3.1867909126146166,NNW,55.94499082330092,-3.186905717644326,466.53106371952856,526.3529993254065
55.94499082330092,-3.186905717644326,NE,55.945202955335276,-3.1866935856099703,469.6532529773986,559.793016233289
55.945202955335276,-3.1866935856099703,NW,55.94541508736963,-3.186905717644326,588.5362304440761,608.7950388552061
55.94541508736963,-3.186905717644326,NNW,55.94569225122939,-3.1870205226740356,588.5362304440761,607.5450388552061
55.94569225122939,-3.1870205226740356,SW,55.94548011919503,-3.1872326547083913,588.5362304440761,606.2950388552061
55.94548011919503,-3.1872326547083913,NNW,55.94575728305479,-3.187347459738101,588.5362304440761,605.0450388552061
55.94575728305479,-3.187347459738101,NNW,55.946034446914545,-3.1874622647678104,588.5362304440761,603.7950388552061
55.946034446914545,-3.1874622647678104,E,55.946034446914545,-3.18716226476781,588.5362304440761,602.5450388552061
55.946034446914545,-3.18716226476781,W,55.946034446914545,-3.1874622647678104,588.5362304440761,601.2950388552061
55.946034446914545,-3.1874622647678104,S,55.94573444691454,-3.1874622647678104,588.5362304440761,600.0450388552061
55.94573444691454,-3.1874622647678104,SSW,55.945457283054786,-3.18757706979752,588.5362304440761,598.7950388552061
55.945457283054786,-3.18757706979752,WSW,55.945342478025076,-3.1878542336572733,588.5362304440761,597.5450388552061
55.945342478025076,-3.1878542336572733,SE,55.94513034599072,-3.1876421016229175,588.5362304440761,596.2950388552061
55.94513034599072,-3.1876421016229175,E,55.94513034599072,-3.1873421016229173,588.5362304440761,595.0450388552061
55.94513034599072,-3.1873421016229173,NNE,55.945407509850476,-3.187227296593208,588.5362304440761,593.7950388552061
55.945407509850476,-3.187227296593208,ESE,55.945292704820766,-3.1869501327334544,588.5362304440761,592.5450388552061
55.945292704820766,-3.1869501327334544,ENE,55.945407509850476,-3.186672968873701,588.5362304440761,591.2950388552061
55.945407509850476,-3.186672968873701,SSE,55.94513034599072,-3.1865581638439915,588.5362304440761,590.0450388552061
55.94513034599072,-3.1865581638439915,E,55.94513034599072,-3.1862581638439913,588.5362304440761,588.7950388552061
55.94513034599072,-3.1862581638439913,WSW,55.94501554096101,-3.1865353277037447,588.5362304440761,587.5450388552061
55.94501554096101,-3.1865353277037447,SE,55.94480340892665,-3.186323195669389,588.5362304440761,586.2950388552061
55.94480340892665,-3.186323195669389,SSW,55.944526245066896,-3.1864380006990984,588.5362304440761,585.0450388552061
55.944526245066896,-3.1864380006990984,SSW,55.94424908120714,-3.186552805728808,588.5362304440761,583.7950388552061
55.94424908120714,-3.186552805728808,NW,55.944461213241496,-3.1867649377631637,588.5362304440761,582.5450388552061
55.944461213241496,-3.1867649377631637,SSW,55.94418404938174,-3.1868797427928732,588.5362304440761,581.2950388552061
55.94418404938174,-3.1868797427928732,SE,55.94397191734738,-3.1866676107585175,588.5362304440761,580.0450388552061
55.94397191734738,-3.1866676107585175,WNW,55.944086722377094,-3.186944774618271,588.5362304440761,578.7950388552061
55.944086722377094,-3.186944774618271,WSW,55.94397191734738,-3.1872219384780243,588.5362304440761,577.5450388552061
55.94397191734738,-3.1872219384780243,E,55.94397191734738,-3.186921938478024,588.5362304440761,576.2950388552061
55.94397191734738,-3.186921938478024,WSW,55.94385711231767,-3.1871991023377775,588.5362304440761,575.0450388552061
55.94385711231767,-3.1871991023377775,S,55.94355711231767,-3.1871991023377775,588.5362304440761,573.7950388552061
55.94355711231767,-3.1871991023377775,NW,55.943769244352026,-3.1874112343721333,588.5362304440761,572.5450388552061
55.943769244352026,-3.1874112343721333,SW,55.94355711231767,-3.187623366406489,588.5362304440761,571.2950388552061
55.94355711231767,-3.187623366406489,E,55.94355711231767,-3.187323366406489,588.5362304440761,570.0450388552061
55.94355711231767,-3.187323366406489,SSW,55.94327994845791,-3.1874381714361983,588.5362304440761,568.7950388552061
55.94327994845791,-3.1874381714361983,W,55.94327994845791,-3.1877381714361985,588.5362304440761,567.5450388552061
55.94327994845791,-3.1877381714361985,NW,55.94349208049227,-3.1879503034705543,588.5362304440761,566.2950388552061
55.94349208049227,-3.1879503034705543,SSW,55.94321491663251,-3.188065108500264,588.5362304440761,565.0450388552061
55.94321491663251,-3.188065108500264,S,55.94291491663251,-3.188065108500264,588.5362304440761,563.7950388552061
55.94291491663251,-3.188065108500264,NNW,55.94319208049227,-3.1881799135299733,588.5362304440761,562.5450388552061
55.94319208049227,-3.1881799135299733,ESE,55.94307727546256,-3.18790274967022,588.5362304440761,561.2950388552061
55.94307727546256,-3.18790274967022,SSW,55.9428001116028,-3.1880175546999294,588.5362304440761,560.0450388552061
55.9428001116028,-3.1880175546999294,NNE,55.94307727546256,-3.18790274967022,588.5362304440761,558.7950388552061
55.94307727546256,-3.18790274967022,NW,55.94328940749691,-3.1881148817045757,588.5362304440761,557.5450388552061
55.94328940749691,-3.1881148817045757,E,55.94328940749691,-3.1878148817045755,588.5362304440761,556.2950388552061
55.94328940749691,-3.1878148817045755,W,55.94328940749691,-3.1881148817045757,588.5362304440761,555.0450388552061
55.94328940749691,-3.1881148817045757,SSE,55.943012243637156,-3.188000076674866,588.5362304440761,553.7950388552061
55.943012243637156,-3.188000076674866,NNE,55.94328940749691,-3.1878852716451567,588.5362304440761,552.5450388552061
55.94328940749691,-3.1878852716451567,WNW,55.94340421252662,-3.18816243550491,588.5362304440761,551.2950388552061
55.94340421252662,-3.18816243550491,SSW,55.94312704866687,-3.1882772405346196,588.5362304440761,550.0450388552061
55.94312704866687,-3.1882772405346196,WSW,55.943012243637156,-3.188554404394373,588.5362304440761,548.7950388552061
55.943012243637156,-3.188554404394373,NW,55.94322437567151,-3.1887665364287288,588.5362304440761,547.5450388552061
55.94322437567151,-3.1887665364287288,N,55.943524375671515,-3.1887665364287288,588.5362304440761,546.2950388552061
55.943524375671515,-3.1887665364287288,NW,55.94373650770587,-3.1889786684630845,588.5362304440761,545.0450388552061
55.94373650770587,-3.1889786684630845,NW,55.94394863974023,-3.1891908004974403,588.5362304440761,543.7950388552061
55.94394863974023,-3.1891908004974403,SSW,55.94367147588047,-3.18930560552715,614.1047191105868,616.2736590713974
55.94367147588047,-3.18930560552715,SSW,55.943394312020715,-3.1894204105568593,614.1047191105868,615.0236590713974
55.943394312020715,-3.1894204105568593,NW,55.94360644405507,-3.189632542591215,735.3675315303228,672.5372358879679
55.94360644405507,-3.189632542591215,SSE,55.943329280195314,-3.1895177375615056,735.3675315303228,671.2872358879679
55.943329280195314,-3.1895177375615056,S,55.94302928019531,-3.1895177375615056,735.3675315303228,670.0372358879679
55.94302928019531,-3.1895177375615056,E,55.94302928019531,-3.1892177375615054,735.3675315303228,668.7872358879679
55.94302928019531,-3.1892177375615054,SSW,55.942752116335555,-3.189332542591215,735.3675315303228,667.5372358879679
55.942752116335555,-3.189332542591215,N,55.94305211633556,-3.189332542591215,735.3675315303228,666.2872358879679
55.94305211633556,-3.189332542591215,ESE,55.94293731130585,-3.1890553787314615,735.3675315303228,665.0372358879679
55.94293731130585,-3.1890553787314615,SSE,55.94266014744609,-3.188940573701752,735.3675315303228,663.7872358879679
55.94266014744609,-3.188940573701752,E,55.94266014744609,-3.188640573701752,735.3675315303228,662.5372358879679
55.94266014744609,-3.188640573701752,NE,55.94287227948045,-3.188428441667396,735.3675315303228,661.2872358879679
55.94287227948045,-3.188428441667396,SE,55.94266014744609,-3.1882163096330403,735.3675315303228,660.0372358879679
55.94266014744609,-3.1882163096330403,NNE,55.94293731130585,-3.1881015046033307,735.3675315303228,658.7872358879679
55.94293731130585,-3.1881015046033307,WSW,55.94282250627614,-3.188378668463084,735.3675315303228,657.5372358879679
55.94282250627614,-3.188378668463084,NNW,55.943099670135894,-3.1884934734927937,735.3675315303228,656.2872358879679
55.943099670135894,-3.1884934734927937,S,55.94279967013589,-3.1884934734927937,735.3675315303228,655.0372358879679
55.94279967013589,-3.1884934734927937,ESE,55.94268486510618,-3.1882163096330403,735.3675315303228,653.7872358879679
55.94268486510618,-3.1882163096330403,W,55.94268486510618,-3.1885163096330404,735.3675315303228,652.5372358879679
55.94268486510618,-3.1885163096330404,NE,55.94289699714054,-3.1883041775986847,735.3675315303228,651.2872358879679
55.94289699714054,-3.1883041775986847,NW,55.94310912917489,-3.1885163096330404,735.3675315303228,650.0372358879679
55.94310912917489,-3.1885163096330404,SW,55.94289699714054,-3.188728441667396,735.3675315303228,648.7872358879679
55.94289699714054,-3.188728441667396,NNE,55.94317416100029,-3.1886136366376867,735.3675315303228,647.5372358879679
55.94317416100029,-3.1886136366376867,S,55.94287416100029,-3.1886136366376867,735.3675315303228,646.2872358879679
55.94287416100029,-3.1886136366376867,ESE,55.94275935597058,-3.1883364727779333,735.3675315303228,645.0372358879679
55.94275935597058,-3.1883364727779333,ESE,55.94264455094087,-3.18805930891818,735.3675315303228,643.7872358879679
55.94264455094087,-3.18805930891818,NW,55.942856682975226,-3.1882714409525357,735.3675315303228,642.5372358879679
55.942856682975226,-3.1882714409525357,WSW,55.942741877945515,-3.188548604812289,735.3675315303228,641.2872358879679
55.942741877945515,-3.188548604812289,WNW,55.942856682975226,-3.1888257686720425,735.3675315303228,640.0372358879679
55.942856682975226,-3.1888257686720425,NW,55.94306881500958,-3.1890379007063983,735.3675315303228,638.7872358879679
55.94306881500958,-3.1890379007063983,NE,55.94328094704394,-3.1888257686720425,735.3675315303228,637.5372358879679
55.94328094704394,-3.1888257686720425,N,55.94358094704394,-3.1888257686720425,735.3675315303228,636.2872358879679
55.94358094704394,-3.1888257686720425,NW,55.9437930790783,-3.1890379007063983,735.3675315303228,635.0372358879679
55.9437930790783,-3.1890379007063983,N,55.9440930790783,-3.1890379007063983,735.3675315303228,633.7872358879679
55.9440930790783,-3.1890379007063983,SSE,55.94381591521854,-3.1889230956766887,735.3675315303228,632.5372358879679
55.94381591521854,-3.1889230956766887,N,55.944115915218546,-3.1889230956766887,735.3675315303228,631.2872358879679
55.944115915218546,-3.1889230956766887,WNW,55.94423072024826,-3.189200259536442,735.3675315303228,630.0372358879679
55.94423072024826,-3.189200259536442,NNE,55.94450788410801,-3.1890854545067326,735.3675315303228,628.7872358879679
55.94450788410801,-3.1890854545067326,ESE,55.9443930790783,-3.1888082906469792,735.3675315303228,627.5372358879679
55.9443930790783,-3.1888082906469792,WSW,55.94427827404859,-3.1890854545067326,735.3675315303228,626.2872358879679
55.94427827404859,-3.1890854545067326,NE,55.94449040608295,-3.188873322472377,735.3675315303228,625.0372358879679
55.94449040608295,-3.188873322472377,WSW,55.94437560105324,-3.1891504863321303,735.3675315303228,623.7872358879679
55.94437560105324,-3.1891504863321303,NNE,55.944652764912995,-3.1890356813024208,735.3675315303228,622.5372358879679
55.944652764912995,-3.1890356813024208,S,55.94435276491299,-3.1890356813024208,735.3675315303228,621.2872358879679
55.94435276491299,-3.1890356813024208,W,55.94435276491299,-3.189335681302421,735.3675315303228,620.0372358879679
55.94435276491299,-3.189335681302421,S,55.94405276491299,-3.189335681302421,735.3675315303228,618.7872358879679
55.94405276491299,-3.189335681302421,SSE,55.94377560105323,-3.1892208762727114,735.3675315303228,617.5372358879679
55.94377560105323,-3.1892208762727114,W,55.94377560105323,-3.1895208762727116,735.3675315303228,616.2872358879679
55.94377560105323,-3.1895208762727116,N,55.944075601053235,-3.1895208762727116,735.3675315303228,615.0372358879679
55.944075601053235,-3.1895208762727116,NNW,55.94435276491299,-3.189635681302421,735.3675315303228,613.7872358879679
55.94435276491299,-3.189635681302421,E,55.94435276491299,-3.189335681302421,735.3675315303228,612.5372358879679
55.94435276491299,-3.189335681302421,S,55.94405276491299,-3.189335681302421,735.3675315303228,611.2872358879679
55.94405276491299,-3.189335681302421,SSW,55.94377560105323,-3.1894504863321305,735.3675315303228,610.0372358879679
55.94377560105323,-3.1894504863321305,NNE,55.94405276491299,-3.189335681302421,735.3675315303228,608.7872358879679
55.94405276491299,-3.189335681302421,ENE,55.9441675699427,-3.1890585174426676,735.3675315303228,607.5372358879679
55.9441675699427,-3.1890585174426676,E,55.9441675699427,-3.1887585174426674,735.3675315303228,606.2872358879679
55.9441675699427,-3.1887585174426674,WNW,55.94428237497241,-3.1890356813024208,735.3675315303228,605.0372358879679
55.94428237497241,-3.1890356813024208,ENE,55.94439718000212,-3.1887585174426674,735.3675315303228,603.7872358879679
55.94439718000212,-3.1887585174426674,NNE,55.94467434386188,-3.188643712412958,735.3675315303228,602.5372358879679
55.94467434386188,-3.188643712412958,E,55.94467434386188,-3.1883437124129577,735.3675315303228,601.2872358879679
55.94467434386188,-3.1883437124129577,SW,55.94446221182752,-3.1885558444473134,735.3675315303228,600.0372358879679
55.94446221182752,-3.1885558444473134,NE,55.94467434386188,-3.1883437124129577,735.3675315303228,598.7872358879679
55.94467434386188,-3.1883437124129577,WNW,55.94478914889159,-3.188620876272711,735.3675315303228,597.5372358879679
55.94478914889159,-3.188620876272711,W,55.94478914889159,-3.1889208762727113,735.3675315303228,596.2872358879679
55.94478914889159,-3.1889208762727113,WNW,55.9449039539213,-3.1891980401324647,735.3675315303228,595.0372358879679
55.9449039539213,-3.1891980401324647,NW,55.945116085955654,-3.1894101721668204,826.5165765567872,637.8019161311479
55.945116085955654,-3.1894101721668204,SW,55.9449039539213,-3.189622304201176,826.5165765567872,636.5519161311479
55.9449039539213,-3.189622304201176,WSW,55.94478914889159,-3.1898994680609296,826.5165765567872,635.3019161311479
55.94478914889159,-3.1898994680609296,NW,55.94500128092594,-3.1901116000952854,826.5165765567872,634.0519161311479
55.94500128092594,-3.1901116000952854,N,55.945301280925946,-3.1901116000952854,942.5922387018259,747.0087596661111
55.945301280925946,-3.1901116000952854,W,55.945301280925946,-3.1904116000952856,942.5922387018259,745.7587596661111
55.945301280925946,-3.1904116000952856,SW,55.94508914889159,-3.1906237321296413,942.5922387018259,744.5087596661111
55.94508914889159,-3.1906237321296413,SE,55.944877016857234,-3.1904116000952856,942.5922387018259,743.2587596661111
55.944877016857234,-3.1904116000952856,SE,55.94466488482288,-3.19019946806093,942.5922387018259,742.0087596661111
55.94466488482288,-3.19019946806093,SSE,55.94438772096312,-3.1900846630312203,942.5922387018259,740.7587596661111
55.94438772096312,-3.1900846630312203,S,55.94408772096312,-3.1900846630312203,942.5922387018259,739.5087596661111
55.94408772096312,-3.1900846630312203,NNE,55.944364884822875,-3.189969858001511,942.5922387018259,738.2587596661111
55.944364884822875,-3.189969858001511,N,55.94466488482288,-3.189969858001511,942.5922387018259,737.0087596661111
55.94466488482288,-3.189969858001511,WNW,55.94477968985259,-3.190247021861264,942.5922387018259,735.7587596661111
55.94477968985259,-3.190247021861264,NW,55.944991821886944,-3.19045915389562,942.5922387018259,734.5087596661111
55.944991821886944,-3.19045915389562,WNW,55.945106626916655,-3.1907363177553734,942.5922387018259,733.2587596661111
55.945106626916655,-3.1907363177553734,NE,55.94531875895101,-3.1905241857210176,942.5922387018259,732.0087596661111
55.94531875895101,-3.1905241857210176,SSE,55.945041595091254,-3.190409380691308,942.5922387018259,730.7587596661111
55.945041595091254,-3.190409380691308,E,55.945041595091254,-3.190109380691308,942.5922387018259,729.5087596661111
55.945041595091254,-3.190109380691308,WSW,55.944926790061544,-3.1903865445510613,942.5922387018259,728.2587596661111
55.944926790061544,-3.1903865445510613,WSW,55.94481198503183,-3.1906637084108147,942.5922387018259,727.0087596661111
55.94481198503183,-3.1906637084108147,SE,55.94459985299748,-3.190451576376459,942.5922387018259,725.7587596661111
55.94459985299748,-3.190451576376459,S,55.944299852997474,-3.190451576376459,942.5922387018259,724.5087596661111
55.944299852997474,-3.190451576376459,SSW,55.94402268913772,-3.1905663814061684,942.5922387018259,723.2587596661111
55.94402268913772,-3.1905663814061684,W,55.94402268913772,-3.1908663814061686,1030.2746290005075,817.4710400596756
55.94402268913772,-3.1908663814061686,N,55.94432268913772,-3.1908663814061686,1030.2746290005075,816.2210400596756
55.94432268913772,-3.1908663814061686,NE,55.94453482117208,-3.190654249371813,1030.2746290005075,814.9710400596756
55.94453482117208,-3.190654249371813,SSE,55.94425765731232,-3.1905394443421033,1030.2746290005075,813.7210400596756
55.94425765731232,-3.1905394443421033,SE,55.944045525277964,-3.1903273123077476,1030.2746290005075,812.4710400596756
55.944045525277964,-3.1903273123077476,NNW,55.94432268913772,-3.190442117337457,1030.2746290005075,811.2210400596756
55.94432268913772,-3.190442117337457,NNE,55.94459985299748,-3.1903273123077476,1030.2746290005075,809.9710400596756
55.94459985299748,-3.1903273123077476,NNE,55.944877016857234,-3.190212507278038,1030.2746290005075,808.7210400596756
55.944877016857234,-3.190212507278038,NNW,55.94515418071699,-3.1903273123077476,1030.2746290005075,807.4710400596756
55.94515418071699,-3.1903273123077476,W,55.94515418071699,-3.1906273123077478,1030.2746290005075,806.2210400596756
55.94515418071699,-3.1906273123077478,WSW,55.94503937568728,-3.190904476167501,1030.2746290005075,804.9710400596756
55.94503937568728,-3.190904476167501,NW,55.945251507721636,-3.191116608201857,1030.2746290005075,803.7210400596756
55.945251507721636,-3.191116608201857,N,55.94555150772164,-3.191116608201857,1053.5563474106377,900.5854261502892
55.94555150772164,-3.191116608201857,WSW,55.94543670269193,-3.1913937720616103,1053.5563474106377,899.3354261502892
55.94543670269193,-3.1913937720616103,SW,55.94522457065757,-3.191605904095966,1053.5563474106377,898.0854261502892
55.94522457065757,-3.191605904095966,ESE,55.94510976562786,-3.1913287402362127,1053.5563474106377,896.8354261502892
55.94510976562786,-3.1913287402362127,N,55.945409765627865,-3.1913287402362127,1053.5563474106377,895.5854261502892
55.945409765627865,-3.1913287402362127,ENE,55.945524570657575,-3.1910515763764593,1053.5563474106377,894.3354261502892
55.945524570657575,-3.1910515763764593,ENE,55.945639375687286,-3.190774412516706,1053.5563474106377,893.0854261502892
55.945639375687286,-3.190774412516706,N,55.94593937568729,-3.190774412516706,1053.5563474106377,891.8354261502892
55.94593937568729,-3.190774412516706,NE,55.946151507721645,-3.19056228048235,1053.5563474106377,890.5854261502892
55.946151507721645,-3.19056228048235,S,55.94585150772164,-3.19056228048235,1053.5563474106377,889.3354261502892
55.94585150772164,-3.19056228048235,NW,55.946063639756,-3.190774412516706,1053.5563474106377,888.0854261502892
55.946063639756,-3.190774412516706,ENE,55.94617844478571,-3.1904972486569525,1053.5563474106377,886.8354261502892
55.94617844478571,-3.1904972486569525,SE,55.94596631275135,-3.1902851166225967,1053.5563474106377,885.5854261502892
55.94596631275135,-3.1902851166225967,E,55.94596631275135,-3.1899851166225965,1053.5563474106377,884.3354261502892
55.94596631275135,-3.1899851166225965,S,55.94566631275135,-3.1899851166225965,1053.5563474106377,883.0854261502892
55.94566631275135,-3.1899851166225965,SSW,55.94538914889159,-3.190099921652306,1053.5563474106377,881.8354261502892
55.94538914889159,-3.190099921652306,ENE,55.9455039539213,-3.1898227577925526,1053.5563474106377,880.5854261502892