55.944425, -3.188396, NNW, 55.94470216385976. -3.1885108050297095, 0.0, 248.75
249,
55.94470216385976, -3.1885108050297095, SE, 55.9444900318254. -3.1882986729953537, 0.0, 247.5
248,
55.9444900318254, -3.1882986729953537, ESE, 55.94437522679569. -3.1880215091356003, 0.0, 246.25
247,
55.94437522679569, -3.1880215091356003, SSE, 55.944098062935936. -3.187906704105891, 0.0, 245.0
246,
55.944098062935936, -3.187906704105891, ESE, 55.943983257906226. -3.1876295402461374, 109.3253742120816, 278.08298869178367
245,
55.943983257906226, -3.1876295402461374, SW, 55.94377112587187. -3.187841672280493, 109.3253742120816, 276.83298869178367
244,
55.94377112587187, -3.187841672280493, WSW, 55.94365632084216. -3.1881188361402466, 109.3253742120816, 275.58298869178367
243,
55.94365632084216, -3.1881188361402466, E, 55.94365632084216. -3.1878188361402464, 109.3253742120816, 274.33298869178367
242,
55.94365632084216, -3.1878188361402464, WSW, 55.94354151581245. -3.188096, 109.3253742120816, 273.08298869178367
241,
55.94354151581245, -3.188096, NNE, 55.943818679672205. -3.1879811949702903, 109.3253742120816, 271.83298869178367
240,
55.943818679672205, -3.1879811949702903, SE, 55.94360654763785. -3.1877690629359345, 109.3253742120816, 270.58298869178367
239,
55.94360654763785, -3.1877690629359345, NNW, 55.943883711497605. -3.187883867965644, 109.3253742120816, 269.33298869178367
238,
55.943883711497605, -3.187883867965644, ENE, 55.943998516527316. -3.1876067041058906, 109.3253742120816, 268.08298869178367
237,
55.943998516527316, -3.1876067041058906, SW, 55.94378638449296. -3.1878188361402464, 109.3253742120816, 266.83298869178367
236,
55.94378638449296, -3.1878188361402464, SE, 55.9435742524586. -3.1876067041058906, 109.3253742120816, 265.58298869178367
235,
55.9435742524586, -3.1876067041058906, ENE, 55.943689057488314. -3.1873295402461372, 109.3253742120816, 264.33298869178367
234,
55.943689057488314, -3.1873295402461372, NNE, 55.94396622134807. -3.1872147352164277, 110.08122299028086, 387.8702189514174
233,
55.94396622134807, -3.1872147352164277, SSW, 55.943689057488314. -3.1873295402461372, 110.08122299028086, 386.6202189514174
232,
55.943689057488314, -3.1873295402461372, SSW, 55.94341189362856. -3.1874443452758467, 110.08122299028086, 385.3702189514174
231,
55.94341189362856, -3.1874443452758467, ESE, 55.94329708859885. -3.1871671814160933, 110.08122299028086, 384.1202189514174
230,
55.94329708859885, -3.1871671814160933, SE, 55.94308495656449. -3.1869550493817376, 110.08122299028086, 382.8702189514174
229,
55.94308495656449, -3.1869550493817376, ESE, 55.94297015153478. -3.186677885521984, 228.69270671357913, 441.1564390955562
228,
55.94297015153478, -3.186677885521984, W, 55.94297015153478. -3.1869778855219844, 228.69270671357913, 439.9064390955562
227,
55.94297015153478, -3.1869778855219844, S, 55.94267015153478. -3.1869778855219844, 283.0477341939298, 497.2633170729222
226,
55.94267015153478, -3.1869778855219844, NW, 55.94288228356913. -3.18719001755634, 283.0477341939298, 496.0133170729222
225,
55.94288228356913, -3.18719001755634, SW, 55.94267015153478. -3.187402149590696, 283.0477341939298, 494.7633170729222
224,
55.94267015153478, -3.187402149590696, WNW, 55.94278495656449. -3.1876793134504493, 283.0477341939298, 493.5133170729222
223,
55.94278495656449, -3.1876793134504493, NE, 55.942997088598844. -3.1874671814160935, 283.0477341939298, 492.2633170729222
222,
55.942997088598844, -3.1874671814160935, ENE, 55.943111893628554. -3.18719001755634, 283.0477341939298, 491.0133170729222
221,
55.943111893628554, -3.18719001755634, W, 55.943111893628554. -3.1874900175563403, 283.0477341939298, 489.7633170729222
220,
55.943111893628554, -3.1874900175563403, ENE, 55.943226698658265. -3.187212853696587, 283.0477341939298, 488.5133170729222
219,
55.943226698658265, -3.187212853696587, SE, 55.94301456662391. -3.187000721662231, 283.0477341939298, 487.2633170729222
218,
55.94301456662391, -3.187000721662231, ESE, 55.9428997615942. -3.1867235578024777, 283.0477341939298, 486.0133170729222
217,
55.9428997615942, -3.1867235578024777, NE, 55.943111893628554. -3.186511425768122, 283.0477341939298, 484.7633170729222
216,
55.943111893628554, -3.186511425768122, NNW, 55.94338905748831. -3.1866262307978315, 379.19546663572885, 530.411055347395
215,
55.94338905748831, -3.1866262307978315, ENE, 55.94350386251802. -3.186349066938078, 437.8477527172805, 529.3691994886677
214,
55.94350386251802, -3.186349066938078, W, 55.94350386251802. -3.1866490669380783, 539.6969412888579, 645.7642622203402
213,
55.94350386251802, -3.1866490669380783, SSW, 55.943226698658265. -3.1867638719677878, 539.6969412888579, 644.5142622203402
212,
55.943226698658265, -3.1867638719677878, S, 55.94292669865826. -3.1867638719677878, 539.6969412888579, 643.2642622203402
211,
55.94292669865826, -3.1867638719677878, N, 55.943226698658265. -3.1867638719677878, 539.6969412888579, 642.0142622203402
210,
55.943226698658265, -3.1867638719677878, E, 55.943226698658265. -3.1864638719677876, 539.6969412888579, 640.7642622203402
209,
55.943226698658265, -3.1864638719677876, SSE, 55.94294953479851. -3.186349066938078, 539.6969412888579, 639.5142622203402
208,
55.94294953479851, -3.186349066938078, SSE, 55.94267237093875. -3.1862342619083686, 539.6969412888579, 638.2642622203402
207,
55.94267237093875, -3.1862342619083686, ENE, 55.94278717596846. -3.185957098048615, 589.4535662318726, 673.5255643431321
206,
55.94278717596846, -3.185957098048615, ESE, 55.94267237093875. -3.1856799341888618, 589.4535662318726, 672.2755643431321
205,
55.94267237093875, -3.1856799341888618, NNE, 55.94294953479851. -3.1855651291591522, 599.8777562095567, 698.3904378243489
204,
55.94294953479851, -3.1855651291591522, NNW, 55.943226698658265. -3.1856799341888618, 599.8777562095567, 697.1404378243489
203,
55.943226698658265, -3.1856799341888618, ENE, 55.943341503687975. -3.1854027703291083, 705.3035417066998, 807.6880452402959
202,
55.943341503687975, -3.1854027703291083, NNW, 55.94361866754773. -3.185517575358818, 825.0722560618644, 927.5244627763635
201,
55.94361866754773, -3.185517575358818, ENE, 55.94373347257744. -3.1852404114990645, 825.0722560618644, 926.2744627763635
200,
55.94373347257744, -3.1852404114990645, W, 55.94373347257744. -3.1855404114990646, 825.0722560618644, 925.0244627763635
199,
55.94373347257744, -3.1855404114990646, SE, 55.943521340543086. -3.185328279464709, 825.0722560618644, 923.7744627763635
198,
55.943521340543086, -3.185328279464709, NE, 55.94373347257744. -3.185116147430353, 825.0722560618644, 922.5244627763635
197,
55.94373347257744, -3.185116147430353, N, 55.944033472577445. -3.185116147430353, 825.0722560618644, 921.2744627763635
196,
55.944033472577445, -3.185116147430353, S, 55.94373347257744. -3.185116147430353, 825.0722560618644, 920.0244627763635
195,
55.94373347257744, -3.185116147430353, NNW, 55.9440106364372. -3.1852309524600626, 825.0722560618644, 918.7744627763635
194,
55.9440106364372, -3.1852309524600626, SE, 55.94379850440284. -3.185018820425707, 825.0722560618644, 917.5244627763635
193,
55.94379850440284, -3.185018820425707, N, 55.944098504402845. -3.185018820425707, 825.0722560618644, 916.2744627763635
192,
55.944098504402845, -3.185018820425707, S, 55.94379850440284. -3.185018820425707, 825.0722560618644, 915.0244627763635
191,
55.94379850440284, -3.185018820425707, WNW, 55.94391330943255. -3.1852959842854602, 825.0722560618644, 913.7744627763635
190,
55.94391330943255, -3.1852959842854602, SSE, 55.943636145572796. -3.1851811792557507, 825.0722560618644, 912.5244627763635
189,
55.943636145572796, -3.1851811792557507, SE, 55.94342401353844. -3.184969047221395, 825.0722560618644, 911.2744627763635
188,
55.94342401353844, -3.184969047221395, SSE, 55.94314684967868. -3.1848542421916854, 825.0722560618644, 910.0244627763635
187,
55.94314684967868, -3.1848542421916854, SSW, 55.94286968581893. -3.184969047221395, 825.0722560618644, 908.7744627763635
186,
55.94286968581893, -3.184969047221395, SE, 55.94265755378457. -3.184756915187039, 825.0722560618644, 907.5244627763635
185,
55.94265755378457, -3.184756915187039, ENE, 55.94277235881428. -3.184479751327286, 825.0722560618644, 906.2744627763635
184,
55.94277235881428, -3.184479751327286, WSW, 55.94265755378457. -3.184756915187039, 825.0722560618644, 905.0244627763635
183,
55.94265755378457, -3.184756915187039, E, 55.94265755378457. -3.184456915187039, 825.0722560618644, 903.7744627763635
182,
55.94265755378457, -3.184456915187039, W, 55.94265755378457. -3.184756915187039, 825.0722560618644, 902.5244627763635
181,
55.94265755378457, -3.184756915187039, NNW, 55.94293471764433. -3.1848717202167487, 825.0722560618644, 901.2744627763635
180,
55.94293471764433, -3.1848717202167487, S, 55.942634717644324. -3.1848717202167487, 825.0722560618644, 900.0244627763635
179,
55.942634717644324, -3.1848717202167487, ENE, 55.942749522674035. -3.1845945563569953, 825.0722560618644, 898.7744627763635
178,
55.942749522674035, -3.1845945563569953, WNW, 55.942864327703745. -3.1848717202167487, 825.0722560618644, 897.5244627763635
177,
55.942864327703745, -3.1848717202167487, W, 55.942864327703745. -3.185171720216749, 825.0722560618644, 896.2744627763635
176,
55.942864327703745, -3.185171720216749, N, 55.94316432770375. -3.185171720216749, 825.0722560618644, 895.0244627763635
175,
55.94316432770375, -3.185171720216749, NNW, 55.943441491563505. -3.1852865252464584, 825.0722560618644, 893.7744627763635
174,
55.943441491563505, -3.1852865252464584, NNW, 55.94371865542326. -3.185401330276168, 825.0722560618644, 892.5244627763635
173,
55.94371865542326, -3.185401330276168, SE, 55.943506523388905. -3.185189198241812, 825.0722560618644, 891.2744627763635
172,
55.943506523388905, -3.185189198241812, NNW, 55.94378368724866. -3.1853040032715216, 825.0722560618644, 890.0244627763635
171,
55.94378368724866, -3.1853040032715216, ESE, 55.94366888221895. -3.1850268394117682, 825.0722560618644, 888.7744627763635
170,
55.94366888221895, -3.1850268394117682, E, 55.94366888221895. -3.184726839411768, 825.0722560618644, 887.5244627763635
169,
55.94366888221895, -3.184726839411768, NNE, 55.94394604607871. -3.1846120343820585, 825.0722560618644, 886.2744627763635
168,
55.94394604607871, -3.1846120343820585, NNW, 55.944223209938464. -3.184726839411768, 825.0722560618644, 885.0244627763635
167,
55.944223209938464, -3.184726839411768, S, 55.94392320993846. -3.184726839411768, 825.0722560618644, 883.7744627763635
166,
55.94392320993846, -3.184726839411768, SSW, 55.943646046078705. -3.1848416444414775, 825.0722560618644, 882.5244627763635
165,
55.943646046078705, -3.1848416444414775, WSW, 55.943531241048994. -3.185118808301231, 825.0722560618644, 881.2744627763635
164,
55.943531241048994, -3.185118808301231, SE, 55.94331910901464. -3.184906676266875, 825.0722560618644, 880.0244627763635
163,
55.94331910901464, -3.184906676266875, WNW, 55.94343391404435. -3.1851838401266286, 825.0722560618644, 878.7744627763635
162,
55.94343391404435, -3.1851838401266286, NNE, 55.943711077904105. -3.185069035096919, 825.0722560618644, 877.5244627763635
161,
55.943711077904105, -3.185069035096919, ESE, 55.943596272874395. -3.1847918712371657, 825.0722560618644, 876.2744627763635
160,
55.943596272874395, -3.1847918712371657, WSW, 55.943481467844684. -3.185069035096919, 825.0722560618644, 875.0244627763635
159,
55.943481467844684, -3.185069035096919, SSE, 55.94320430398493. -3.1849542300672096, 825.0722560618644, 873.7744627763635
158,
55.94320430398493, -3.1849542300672096, WNW, 55.94331910901464. -3.185231393926963, 825.0722560618644, 872.5244627763635
157,
55.94331910901464, -3.185231393926963, WSW, 55.94320430398493. -3.1855085577867164, 825.0722560618644, 871.2744627763635
156,
55.94320430398493, -3.1855085577867164, SE, 55.94299217195057. -3.1852964257523606, 825.0722560618644, 870.0244627763635
155,
55.94299217195057, -3.1852964257523606, NE, 55.94320430398493. -3.185084293718005, 825.0722560618644, 868.7744627763635
154,
55.94320430398493, -3.185084293718005, WNW, 55.94331910901464. -3.1853614575777582, 825.0722560618644, 867.5244627763635
153,
55.94331910901464, -3.1853614575777582, NNW, 55.943596272874395. -3.1854762626074677, 825.0722560618644, 866.2744627763635
152,
55.943596272874395, -3.1854762626074677, SSW, 55.94331910901464. -3.1855910676371773, 825.0722560618644, 865.0244627763635
151,
55.94331910901464, -3.1855910676371773, SE, 55.94310697698028. -3.1853789356028215, 825.0722560618644, 863.7744627763635
150,
55.94310697698028, -3.1853789356028215, WNW, 55.94322178200999. -3.185656099462575, 825.0722560618644, 862.5244627763635
149,
55.94322178200999, -3.185656099462575, WSW, 55.94310697698028. -3.1859332633223283, 825.0722560618644, 861.2744627763635
148,
55.94310697698028, -3.1859332633223283, E, 55.94310697698028. -3.185633263322328, 825.0722560618644, 860.0244627763635
147,
55.94310697698028, -3.185633263322328, ENE, 55.94322178200999. -3.1853560994625747, 825.0722560618644, 858.7744627763635
146,
55.94322178200999, -3.1853560994625747, S, 55.94292178200999. -3.1853560994625747, 825.0722560618644, 857.5244627763635
145,
55.94292178200999, -3.1853560994625747, NNW, 55.943198945869746. -3.185470904492284, 825.0722560618644, 856.2744627763635
144,
55.943198945869746, -3.185470904492284, SW, 55.94298681383539. -3.18568303652664, 825.0722560618644, 855.0244627763635
143,
55.94298681383539, -3.18568303652664, S, 55.94268681383539. -3.18568303652664, 825.0722560618644, 853.7744627763635
142,
55.94268681383539, -3.18568303652664, NNE, 55.94296397769514. -3.1855682314969305, 825.0722560618644, 852.5244627763635
141,
55.94296397769514, -3.1855682314969305, W, 55.94296397769514. -3.1858682314969307, 825.0722560618644, 851.2744627763635
140,
55.94296397769514, -3.1858682314969307, SSE, 55.94268681383539. -3.185753426467221, 825.0722560618644, 850.0244627763635
139,
55.94268681383539, -3.185753426467221, W, 55.94268681383539. -3.1860534264672213, 825.0722560618644, 848.7744627763635
138,
55.94268681383539, -3.1860534264672213, E, 55.94268681383539. -3.185753426467221, 825.0722560618644, 847.5244627763635
137,
55.94268681383539, -3.185753426467221, NNE, 55.94296397769514. -3.1856386214375116, 825.0722560618644, 846.2744627763635
136,
55.94296397769514, -3.1856386214375116, W, 55.94296397769514. -3.185938621437512, 825.0722560618644, 845.0244627763635
135,
55.94296397769514, -3.185938621437512, E, 55.94296397769514. -3.1856386214375116, 825.0722560618644, 843.7744627763635
134,
55.94296397769514, -3.1856386214375116, W, 55.94296397769514. -3.185938621437512, 825.0722560618644, 842.5244627763635
133,
55.94296397769514, -3.185938621437512, SSE, 55.94268681383539. -3.1858238164078023, 825.0722560618644, 841.2744627763635
132,
55.94268681383539, -3.1858238164078023, WNW, 55.9428016188651. -3.1861009802675557, 825.0722560618644, 840.0244627763635
131,
55.9428016188651, -3.1861009802675557, WSW, 55.94268681383539. -3.186378144127309, 825.0722560618644, 838.7744627763635
130,
55.94268681383539, -3.186378144127309, NW, 55.94289894586974. -3.186590276161665, 825.0722560618644, 837.5244627763635
129,
55.94289894586974, -3.186590276161665, N, 55.943198945869746. -3.186590276161665, 825.0722560618644, 836.2744627763635
128,
55.943198945869746, -3.186590276161665, NW, 55.9434110779041. -3.1868024081960207, 825.0722560618644, 835.0244627763635
127,
55.9434110779041, -3.1868024081960207, NW, 55.94362320993846. -3.1870145402303764, 825.0722560618644, 833.7744627763635
126,
55.94362320993846, -3.1870145402303764, SSW, 55.9433460460787. -3.187129345260086, 825.0722560618644, 832.5244627763635
125,
55.9433460460787, -3.187129345260086, SSE, 55.943068882218945. -3.1870145402303764, 825.0722560618644, 831.2744627763635
124,
55.943068882218945, -3.1870145402303764, S, 55.94276888221894. -3.1870145402303764, 825.0722560618644, 830.0244627763635
123,
55.94276888221894, -3.1870145402303764, E, 55.94276888221894. -3.1867145402303763, 825.0722560618644, 828.7744627763635
122,
55.94276888221894, -3.1867145402303763, N, 55.943068882218945. -3.1867145402303763, 825.0722560618644, 827.5244627763635
121,
55.943068882218945, -3.1867145402303763, ESE, 55.942954077189235. -3.186437376370623, 825.0722560618644, 826.2744627763635
120,
55.942954077189235, -3.186437376370623, SSE, 55.94267691332948. -3.1863225713409133, 825.0722560618644, 825.0244627763635
119,
55.94267691332948, -3.1863225713409133, E, 55.94267691332948. -3.186022571340913, 825.0722560618644, 823.7744627763635
118,
55.94267691332948, -3.186022571340913, NE, 55.942889045363835. -3.1858104393065574, 825.0722560618644, 822.5244627763635
117,
55.942889045363835, -3.1858104393065574, NE, 55.94310117739819. -3.1855983072722016, 825.0722560618644, 821.2744627763635
116,
55.94310117739819, -3.1855983072722016, S, 55.94280117739819. -3.1855983072722016, 825.0722560618644, 820.0244627763635
115,
55.94280117739819, -3.1855983072722016, NE, 55.943013309432544. -3.185386175237846, 825.0722560618644, 818.7744627763635
114,
55.943013309432544, -3.185386175237846, W, 55.943013309432544. -3.185686175237846, 825.0722560618644, 817.5244627763635
113,
55.943013309432544, -3.185686175237846, NE, 55.9432254414669. -3.1854740432034903, 825.0722560618644, 816.2744627763635
112,
55.9432254414669, -3.1854740432034903, ESE, 55.94311063643719. -3.185196879343737, 825.0722560618644, 815.0244627763635
111,
55.94311063643719, -3.185196879343737, E, 55.94311063643719. -3.1848968793437367, 825.0722560618644, 813.7744627763635
110,
55.94311063643719, -3.1848968793437367, SW, 55.942898504402834. -3.1851090113780924, 825.0722560618644, 812.5244627763635
109,
55.942898504402834, -3.1851090113780924, NE, 55.94311063643719. -3.1848968793437367, 825.0722560618644, 811.2744627763635
108,
55.94311063643719, -3.1848968793437367, NW, 55.943322768471546. -3.1851090113780924, 825.0722560618644, 810.0244627763635
107,
55.943322768471546, -3.1851090113780924, NW, 55.9435349005059. -3.185321143412448, 825.0722560618644, 808.7744627763635
106,
55.9435349005059, -3.185321143412448, SW, 55.943322768471546. -3.185533275446804, 825.0722560618644, 807.5244627763635
105,
55.943322768471546, -3.185533275446804, NNE, 55.9435999323313. -3.1854184704170945, 825.0722560618644, 806.2744627763635
104,
55.9435999323313, -3.1854184704170945, S, 55.9432999323313. -3.1854184704170945, 825.0722560618644, 805.0244627763635
103,
55.9432999323313, -3.1854184704170945, ESE, 55.94318512730159. -3.185141306557341, 825.0722560618644, 803.7744627763635
102,
55.94318512730159, -3.185141306557341, S, 55.94288512730159. -3.185141306557341, 825.0722560618644, 802.5244627763635
101,
55.94288512730159, -3.185141306557341, ENE, 55.9429999323313. -3.1848641426975877, 825.0722560618644, 801.2744627763635
100,
55.9429999323313, -3.1848641426975877, NW, 55.94321206436565. -3.1850762747319434, 825.0722560618644, 800.0244627763635
99,
55.94321206436565, -3.1850762747319434, NE, 55.94342419640001. -3.1848641426975877, 825.0722560618644, 798.7744627763635
98,
55.94342419640001, -3.1848641426975877, NNE, 55.943701360259766. -3.184749337667878, 825.0722560618644, 797.5244627763635
97,
55.943701360259766, -3.184749337667878, WSW, 55.943586555230056. -3.1850265015276316, 825.0722560618644, 796.2744627763635
96,
55.943586555230056, -3.1850265015276316, SSW, 55.9433093913703. -3.185141306557341, 825.0722560618644, 795.0244627763635
95,
55.9433093913703, -3.185141306557341, SSE, 55.94303222751054. -3.1850265015276316, 825.0722560618644, 793.7744627763635
94,
55.94303222751054, -3.1850265015276316, SSE, 55.942755063650786. -3.184911696497922, 825.0722560618644, 792.5244627763635
93,
55.942755063650786, -3.184911696497922, NNE, 55.94303222751054. -3.1847968914682125, 825.0722560618644, 791.2744627763635
92,
55.94303222751054, -3.1847968914682125, WNW, 55.94314703254025. -3.185074055327966, 825.0722560618644, 790.0244627763635
91,
55.94314703254025, -3.185074055327966, SE, 55.9429349005059. -3.18486192329361, 825.0722560618644, 788.7744627763635
90,
55.9429349005059, -3.18486192329361, SW, 55.94272276847154. -3.185074055327966, 825.0722560618644, 787.5244627763635
89,
55.94272276847154, -3.185074055327966, NNW, 55.9429999323313. -3.1851888603576755, 825.0722560618644, 786.2744627763635
88,
55.9429999323313, -3.1851888603576755, N, 55.9432999323313. -3.1851888603576755, 825.0722560618644, 785.0244627763635
87,
55.9432999323313, -3.1851888603576755, WNW, 55.94341473736101. -3.185466024217429, 825.0722560618644, 783.7744627763635
86,
55.94341473736101, -3.185466024217429, WSW, 55.9432999323313. -3.1857431880771823, 825.0722560618644, 782.5244627763635
85,
55.9432999323313, -3.1857431880771823, WNW, 55.94341473736101. -3.1860203519369357, 825.0722560618644, 781.2744627763635
84,
55.94341473736101, -3.1860203519369357, SE, 55.943202605326654. -3.18580821990258, 825.0722560618644, 780.0244627763635
83,
55.943202605326654, -3.18580821990258, SW, 55.9429904732923. -3.1860203519369357, 825.0722560618644, 778.7744627763635
82,
55.9429904732923, -3.1860203519369357, NW, 55.943202605326654. -3.1862324839712914, 825.0722560618644, 777.5244627763635
81,
55.943202605326654, -3.1862324839712914, NW, 55.94341473736101. -3.186444616005647, 825.0722560618644, 776.2744627763635
80,
55.94341473736101, -3.186444616005647, WSW, 55.9432999323313. -3.1867217798654006, 825.0722560618644, 775.0244627763635
79,
55.9432999323313, -3.1867217798654006, SE, 55.943087800296944. -3.186509647831045, 825.0722560618644, 773.7744627763635
78,
55.943087800296944, -3.186509647831045, NW, 55.9432999323313. -3.1867217798654006, 825.0722560618644, 772.5244627763635
77,
55.9432999323313, -3.1867217798654006, SSE, 55.94302276847154. -3.186606974835691, 825.0722560618644, 771.2744627763635
76,
55.94302276847154, -3.186606974835691, W, 55.94302276847154. -3.1869069748356913, 825.0722560618644, 770.0244627763635
75,
55.94302276847154, -3.1869069748356913, N, 55.943322768471546. -3.1869069748356913, 825.0722560618644, 768.7744627763635
74,
55.943322768471546, -3.1869069748356913, NNW, 55.9435999323313. -3.187021779865401, 825.0722560618644, 767.5244627763635
73,
55.9435999323313, -3.187021779865401, NNW, 55.94387709619106. -3.1871365848951103, 825.0722560618644, 766.2744627763635
72,
55.94387709619106, -3.1871365848951103, WSW, 55.94376229116135. -3.1874137487548637, 825.0722560618644, 765.0244627763635
71,
55.94376229116135, -3.1874137487548637, SSW, 55.94348512730159. -3.1875285537845732, 825.0722560618644, 763.7744627763635
70,
55.94348512730159, -3.1875285537845732, NNE, 55.94376229116135. -3.1874137487548637, 825.0722560618644, 762.5244627763635
69,
55.94376229116135, -3.1874137487548637, ENE, 55.94387709619106. -3.1871365848951103, 825.0722560618644, 761.2744627763635
68,
55.94387709619106, -3.1871365848951103, E, 55.94387709619106. -3.18683658489511, 825.0722560618644, 760.0244627763635
67,
55.94387709619106, -3.18683658489511, WNW, 55.94399190122077. -3.1871137487548635, 825.0722560618644, 758.7744627763635
66,
55.94399190122077, -3.1871137487548635, ENE, 55.94410670625048. -3.18683658489511, 825.0722560618644, 757.5244627763635
65,
55.94410670625048, -3.18683658489511, NNE, 55.94438387011024. -3.1867217798654006, 825.0722560618644, 756.2744627763635
64,
55.94438387011024, -3.1867217798654006, W, 55.94438387011024. -3.187021779865401, 949.3734616875574, 814.7305587045254
63,
55.94438387011024, -3.187021779865401, S, 55.944083870110234. -3.187021779865401, 949.3734616875574, 813.4805587045254
62,
55.944083870110234, -3.187021779865401, SW, 55.94387173807588. -3.1872339118997566, 949.3734616875574, 812.2305587045254
61,
55.94387173807588, -3.1872339118997566, NE, 55.944083870110234. -3.187021779865401, 949.3734616875574, 810.9805587045254
60,
55.944083870110234, -3.187021779865401, WNW, 55.944198675139944. -3.187298943725154, 949.3734616875574, 809.7305587045254
59,
55.944198675139944, -3.187298943725154, W, 55.944198675139944. -3.1875989437251544, 949.3734616875574, 808.4805587045254
58,
55.944198675139944, -3.1875989437251544, NNW, 55.9444758389997. -3.187713748754864, 949.3734616875574, 807.2305587045254
57,
55.9444758389997, -3.187713748754864, NNE, 55.94475300285946. -3.1875989437251544, 949.3734616875574, 805.9805587045254
56,
55.94475300285946, -3.1875989437251544, NNW, 55.945030166719214. -3.187713748754864, 949.3734616875574, 804.7305587045254
55,
55.945030166719214, -3.187713748754864, SSE, 55.94475300285946. -3.1875989437251544, 949.3734616875574, 803.4805587045254
54,
55.94475300285946, -3.1875989437251544, W, 55.94475300285946. -3.1878989437251546, 949.3734616875574, 802.2305587045254
53,
55.94475300285946, -3.1878989437251546, SW, 55.9445408708251. -3.1881110757595104, 949.3734616875574, 800.9805587045254
52,
55.9445408708251, -3.1881110757595104, SE, 55.944328738790745. -3.1878989437251546, 949.3734616875574, 799.7305587045254
51,
55.944328738790745, -3.1878989437251546, SE, 55.94411660675639. -3.187686811690799, 949.3734616875574, 798.4805587045254
50,
55.94411660675639, -3.187686811690799, SSE, 55.94383944289663. -3.1875720066610893, 949.3734616875574, 797.2305587045254
49,
55.94383944289663, -3.1875720066610893, S, 55.94353944289663. -3.1875720066610893, 949.3734616875574, 795.9805587045254
48,
55.94353944289663, -3.1875720066610893, NNE, 55.943816606756386. -3.18745720163138, 949.3734616875574, 794.7305587045254
47,
55.943816606756386, -3.18745720163138, N, 55.94411660675639. -3.18745720163138, 949.3734616875574, 793.4805587045254
46,
55.94411660675639, -3.18745720163138, W, 55.94411660675639. -3.18775720163138, 949.3734616875574, 792.2305587045254
45,
55.94411660675639, -3.18775720163138, NW, 55.944328738790745. -3.1879693336657358, 949.3734616875574, 790.9805587045254
44,
55.944328738790745, -3.1879693336657358, WNW, 55.944443543820455. -3.188246497525489, 949.3734616875574, 789.7305587045254
43,
55.944443543820455, -3.188246497525489, NE, 55.94465567585481. -3.1880343654911334, 949.3734616875574, 788.4805587045254
42,
55.94465567585481, -3.1880343654911334, SSE, 55.944378511995055. -3.187919560461424, 949.3734616875574, 787.2305587045254
41,
55.944378511995055, -3.187919560461424, E, 55.944378511995055. -3.1876195604614237, 949.3734616875574, 785.9805587045254
40,
55.944378511995055, -3.1876195604614237, WSW, 55.944263706965344. -3.187896724321177, 949.3734616875574, 784.7305587045254
39,
55.944263706965344, -3.187896724321177, WSW, 55.944148901935634. -3.1881738881809305, 949.3734616875574, 783.4805587045254
38,
55.944148901935634, -3.1881738881809305, NE, 55.94436103396999. -3.1879617561465747, 949.3734616875574, 782.2305587045254
37,
55.94436103396999, -3.1879617561465747, S, 55.94406103396999. -3.1879617561465747, 949.3734616875574, 780.9805587045254
36,
55.94406103396999, -3.1879617561465747, WNW, 55.9441758389997. -3.188238920006328, 949.3734616875574, 779.7305587045254
35,
55.9441758389997, -3.188238920006328, NNE, 55.944453002859454. -3.1881241149766186, 949.3734616875574, 778.4805587045254
34,
55.944453002859454, -3.1881241149766186, W, 55.944453002859454. -3.188424114976619, 949.3734616875574, 777.2305587045254
33,
55.944453002859454, -3.188424114976619, SSE, 55.9441758389997. -3.1883093099469093, 949.3734616875574, 775.9805587045254
32,
55.9441758389997, -3.1883093099469093, ESE, 55.94406103396999. -3.188032146087156, 949.3734616875574, 774.7305587045254
31,
55.94406103396999, -3.188032146087156, SE, 55.94384890193563. -3.1878200140528, 949.3734616875574, 773.4805587045254
30,
55.94384890193563, -3.1878200140528, NNE, 55.94412606579539. -3.1877052090230906, 949.3734616875574, 772.2305587045254
29,
55.94412606579539, -3.1877052090230906, NNE, 55.944403229655144. -3.187590403993381, 949.3734616875574, 770.9805587045254
28,
55.944403229655144, -3.187590403993381, NNW, 55.9446803935149. -3.1877052090230906, 949.3734616875574, 769.7305587045254
27,
55.9446803935149, -3.1877052090230906, W, 55.9446803935149. -3.188005209023091, 949.3734616875574, 768.4805587045254
26,
55.9446803935149, -3.188005209023091, WSW, 55.94456558848519. -3.188282372882844, 949.3734616875574, 767.2305587045254
25,
55.94456558848519, -3.188282372882844, NW, 55.94477772051955. -3.1884945049172, 949.3734616875574, 765.9805587045254
24,
55.94477772051955, -3.1884945049172, WSW, 55.944662915489836. -3.1887716687769534, 949.3734616875574, 764.7305587045254
23,
55.944662915489836, -3.1887716687769534, SW, 55.94445078345548. -3.188983800811309, 949.3734616875574, 763.4805587045254
22,
55.94445078345548, -3.188983800811309, S, 55.94415078345548. -3.188983800811309, 977.6624228003162, 820.4779224818873
21,
55.94415078345548, -3.188983800811309, ESE, 55.94403597842577. -3.1887066369515558, 977.6624228003162, 819.2279224818873
20,
55.94403597842577, -3.1887066369515558, S, 55.943735978425764. -3.1887066369515558, 1102.3216350581167, 829.0613686403797
19,
55.943735978425764, -3.1887066369515558, WSW, 55.94362117339605. -3.188983800811309, 1102.3216350581167, 827.8113686403797
18,
55.94362117339605, -3.188983800811309, W, 55.94362117339605. -3.1892838008113094, 1175.400502491574, 950.1312189197527
17,
55.94362117339605, -3.1892838008113094, ENE, 55.943735978425764. -3.189006636951556, 1175.400502491574, 948.8812189197527
16,
55.943735978425764, -3.189006636951556, ENE, 55.943850783455474. -3.1887294730918025, 1175.400502491574, 947.6312189197527
15,
55.943850783455474, -3.1887294730918025, NE, 55.94406291548983. -3.1885173410574468, 1175.400502491574, 946.3812189197527
14,
55.94406291548983, -3.1885173410574468, WNW, 55.94417772051954. -3.1887945049172, 1175.400502491574, 945.1312189197527
13,
55.94417772051954, -3.1887945049172, WNW, 55.94429252554925. -3.1890716687769536, 1175.400502491574, 943.8812189197527
12,
55.94429252554925, -3.1890716687769536, ENE, 55.94440733057896. -3.1887945049172, 1175.400502491574, 942.6312189197527
11,
55.94440733057896, -3.1887945049172, NW, 55.94461946261332. -3.189006636951556, 1175.400502491574, 941.3812189197527
10,
55.94461946261332, -3.189006636951556, S, 55.944319462613315. -3.189006636951556, 1175.400502491574, 940.1312189197527
9,
55.944319462613315, -3.189006636951556, NW, 55.94453159464767. -3.1892187689859117, 1175.400502491574, 938.8812189197527
8,
55.94453159464767, -3.1892187689859117, NE, 55.94474372668203. -3.189006636951556, 1175.400502491574, 937.6312189197527
7,
55.94474372668203, -3.189006636951556, ENE, 55.94485853171174. -3.1887294730918025, 1175.400502491574, 936.3812189197527
6,
55.94485853171174, -3.1887294730918025, E, 55.94485853171174. -3.1884294730918024, 1175.400502491574, 935.1312189197527
5,
55.94485853171174, -3.1884294730918024, SE, 55.94464639967738. -3.1882173410574466, 1175.400502491574, 933.8812189197527
4,
55.94464639967738, -3.1882173410574466, E, 55.94464639967738. -3.1879173410574464, 1175.400502491574, 932.6312189197527
3,
55.94464639967738, -3.1879173410574464, S, 55.94434639967738. -3.1879173410574464, 1175.400502491574, 931.3812189197527
2,
55.94434639967738, -3.1879173410574464, SSW, 55.94406923581762. -3.188032146087156, 1175.400502491574, 930.1312189197527
1,

