55.944425,-3.188396,WNW,55.94453980502971,-3.1886731638597534,87.60809863734512,261.88035397043666
55.94453980502971,-3.1886731638597534,W,55.94453980502971,-3.1889731638597536,87.60809863734512,260.63035397043666
55.94453980502971,-3.1889731638597536,W,55.94453980502971,-3.189273163859754,154.92081348384872,290.8051710288488
55.94453980502971,-3.189273163859754,SW,55.94432767299536,-3.1894852958941096,154.92081348384872,289.5551710288488
55.94432767299536,-3.1894852958941096,SW,55.944115540961,-3.1896974279284653,154.92081348384872,288.3051710288488
55.944115540961,-3.1896974279284653,WSW,55.94400073593129,-3.1899745917882187,259.5586848426649,305.2255956743363
55.94400073593129,-3.1899745917882187,S,55.94370073593129,-3.1899745917882187,259.5586848426649,303.9755956743363
55.94370073593129,-3.1899745917882187,S,55.943400735931284,-3.1899745917882187,259.5586848426649,302.7255956743363
55.943400735931284,-3.1899745917882187,SE,55.94318860389693,-3.189762459753863,355.927814669392,332.04041459080344
55.94318860389693,-3.189762459753863,S,55.942888603896925,-3.189762459753863,419.4109061392693,408.1675164833056
55.942888603896925,-3.189762459753863,E,55.942888603896925,-3.1894624597538628,419.4109061392693,406.9175164833056
55.942888603896925,-3.1894624597538628,E,55.942888603896925,-3.1891624597538626,531.9188960573199,439.2518848894398
55.942888603896925,-3.1891624597538626,ESE,55.942773798867215,-3.188885295894109,531.9188960573199,438.0018848894398
55.942773798867215,-3.188885295894109,ESE,55.942658993837505,-3.188608132034356,626.8351540451291,450.92990541931596
55.942658993837505,-3.188608132034356,NNE,55.94293615769726,-3.1884933270046463,626.8351540451291,449.67990541931596
55.94293615769726,-3.1884933270046463,NE,55.94314828973162,-3.1882811949702905,658.3429188902655,516.3664230570141
55.94314828973162,-3.1882811949702905,SE,55.94293615769726,-3.1880690629359347,658.3429188902655,515.1164230570141
55.94293615769726,-3.1880690629359347,SE,55.942724025662905,-3.187856930901579,750.2429036093855,556.8243603903738
55.942724025662905,-3.187856930901579,ENE,55.942838830692615,-3.1875797670418256,858.6072173437417,678.0415283330699
55.942838830692615,-3.1875797670418256,NE,55.94305096272697,-3.18736763500747,858.6072173437417,676.7915283330699
55.94305096272697,-3.18736763500747,NE,55.94326309476133,-3.187155502973114,858.6072173437417,675.5415283330699
55.94326309476133,-3.187155502973114,ENE,55.94337789979104,-3.1868783391133606,907.1245911816687,752.1507232475996
55.94337789979104,-3.1868783391133606,E,55.94337789979104,-3.1865783391133604,910.2255354726773,783.6942849026947
55.94337789979104,-3.1865783391133604,NE,55.943590031825394,-3.1863662070790046,910.2255354726773,782.4442849026947
55.943590031825394,-3.1863662070790046,NNE,55.94386719568515,-3.186251402049295,1026.7058428736382,836.6500312056837
55.94386719568515,-3.186251402049295,NE,55.94407932771951,-3.1860392700149394,1136.2881612687356,895.8896585321716
55.94407932771951,-3.1860392700149394,NNE,55.94435649157926,-3.18592446498523,1142.263013623384,928.7638121274215
55.94435649157926,-3.18592446498523,WNW,55.944471296608974,-3.1862016288449833,1259.7878555845823,1045.7954212389177
55.944471296608974,-3.1862016288449833,NW,55.94468342864333,-3.186413760879339,1296.8309552151568,1057.0871618337692
55.94468342864333,-3.186413760879339,NNW,55.94496059250309,-3.1865285659090485,1296.8309552151568,1055.8371618337692
55.94496059250309,-3.1865285659090485,NNW,55.94523775636284,-3.186643370938758,1296.8309552151568,1054.5871618337692
55.94523775636284,-3.186643370938758,NW,55.9454498883972,-3.186855502973114,1358.459395145556,1130.3123062061284
55.9454498883972,-3.186855502973114,E,55.9454498883972,-3.1865555029731136,1358.459395145556,1129.0623062061284
55.9454498883972,-3.1865555029731136,E,55.9454498883972,-3.1862555029731134,1358.459395145556,1127.8123062061284
55.9454498883972,-3.1862555029731134,NE,55.945662020431556,-3.1860433709387577,1358.459395145556,1126.5623062061284
55.945662020431556,-3.1860433709387577,NNE,55.94593918429131,-3.185928565909048,1465.4949872799048,1207.252824212755
55.94593918429131,-3.185928565909048,ESE,55.9458243792616,-3.1856514020492948,1465.4949872799048,1206.002824212755
55.9458243792616,-3.1856514020492948,ESE,55.94570957423189,-3.1853742381895414,1465.4949872799048,1204.752824212755
55.94570957423189,-3.1853742381895414,SE,55.945497442197535,-3.1851621061551856,1549.5081056602905,1215.1557079070262
55.945497442197535,-3.1851621061551856,S,55.94519744219753,-3.1851621061551856,1549.5081056602905,1213.9057079070262
55.94519744219753,-3.1851621061551856,S,55.94489744219753,-3.1851621061551856,1549.5081056602905,1212.6557079070262
55.94489744219753,-3.1851621061551856,SSE,55.94462027833777,-3.185047301125476,1549.5081056602905,1211.4057079070262
55.94462027833777,-3.185047301125476,S,55.94432027833777,-3.185047301125476,1549.5081056602905,1210.1557079070262
55.94432027833777,-3.185047301125476,SE,55.944108146303414,-3.1848351690911203,1549.5081056602905,1208.9057079070262
55.944108146303414,-3.1848351690911203,ESE,55.9439933412737,-3.184558005231367,1549.5081056602905,1207.6557079070262
55.9439933412737,-3.184558005231367,SW,55.94378120923935,-3.1847701372657227,1549.5081056602905,1206.4057079070262
55.94378120923935,-3.1847701372657227,SW,55.94356907720499,-3.1849822693000784,1549.5081056602905,1205.1557079070262
55.94356907720499,-3.1849822693000784,SW,55.943356945170635,-3.185194401334434,1549.5081056602905,1203.9057079070262
55.943356945170635,-3.185194401334434,SW,55.94314481313628,-3.18540653336879,1549.5081056602905,1202.6557079070262
55.94314481313628,-3.18540653336879,N,55.94344481313628,-3.18540653336879,1549.5081056602905,1201.4057079070262
55.94344481313628,-3.18540653336879,WNW,55.94355961816599,-3.1856836972285434,1549.5081056602905,1200.1557079070262
55.94355961816599,-3.1856836972285434,WNW,55.9436744231957,-3.185960861088297,1549.5081056602905,1198.9057079070262
55.9436744231957,-3.185960861088297,WNW,55.94378922822541,-3.18623802494805,1549.5081056602905,1197.6557079070262
55.94378922822541,-3.18623802494805,W,55.94378922822541,-3.1865380249480504,1549.5081056602905,1196.4057079070262
55.94378922822541,-3.1865380249480504,ESE,55.9436744231957,-3.186260861088297,1549.5081056602905,1195.1557079070262
55.9436744231957,-3.186260861088297,NW,55.94388655523006,-3.1864729931226528,1549.5081056602905,1193.9057079070262
55.94388655523006,-3.1864729931226528,NW,55.944098687264415,-3.1866851251570085,1549.5081056602905,1192.6557079070262
55.944098687264415,-3.1866851251570085,WNW,55.944213492294125,-3.186962289016762,1549.5081056602905,1191.4057079070262
55.944213492294125,-3.186962289016762,NW,55.94442562432848,-3.1871744210511177,1549.5081056602905,1190.1557079070262
55.94442562432848,-3.1871744210511177,WNW,55.94454042935819,-3.187451584910871,1549.5081056602905,1188.9057079070262
55.94454042935819,-3.187451584910871,SSE,55.944263265498435,-3.1873367798811616,1549.5081056602905,1187.6557079070262
55.944263265498435,-3.1873367798811616,SW,55.94405113346408,-3.1875489119155174,1549.5081056602905,1186.4057079070262
55.94405113346408,-3.1875489119155174,WNW,55.94416593849379,-3.1878260757752708,1549.5081056602905,1185.1557079070262
55.94416593849379,-3.1878260757752708,WNW,55.9442807435235,-3.188103239635024,1549.5081056602905,1183.9057079070262
55.9442807435235,-3.188103239635024,WNW,55.94439554855321,-3.1883804034947776,1549.5081056602905,1182.6557079070262
55.94439554855321,-3.1883804034947776,WNW,55.94451035358292,-3.188657567354531,1549.5081056602905,1181.4057079070262
55.94451035358292,-3.188657567354531,W,55.94451035358292,-3.188957567354531,1549.5081056602905,1180.1557079070262
55.94451035358292,-3.188957567354531,W,55.94451035358292,-3.1892575673545314,1549.5081056602905,1178.9057079070262
55.94451035358292,-3.1892575673545314,WNW,55.94462515861263,-3.1895347312142848,1549.5081056602905,1177.6557079070262
55.94462515861263,-3.1895347312142848,W,55.94462515861263,-3.189834731214285,1549.5081056602905,1176.4057079070262
55.94462515861263,-3.189834731214285,WNW,55.94473996364234,-3.1901118950740384,1549.5081056602905,1175.1557079070262
55.94473996364234,-3.1901118950740384,W,55.94473996364234,-3.1904118950740386,1671.6911303895827,1217.0264538332904
55.94473996364234,-3.1904118950740386,NW,55.9449520956767,-3.1906240271083943,1671.6911303895827,1215.7764538332904
55.9449520956767,-3.1906240271083943,NW,55.945164227711054,-3.19083615914275,1776.1883390525152,1314.3348332376402
55.945164227711054,-3.19083615914275,WNW,55.945279032740764,-3.1911133230025035,1788.132588000986,1430.7449445632217
55.945279032740764,-3.1911133230025035,WSW,55.945164227711054,-3.191390486862257,1887.488255787907,1505.1210031498517
55.945164227711054,-3.191390486862257,SW,55.9449520956767,-3.1916026188966127,1887.488255787907,1503.8710031498517
55.9449520956767,-3.1916026188966127,WSW,55.94483729064699,-3.191879782756366,2004.433201556111,1518.171554731749
55.94483729064699,-3.191879782756366,NW,55.94504942268134,-3.192091914790722,2017.835450665105,1573.6620631140731
55.94504942268134,-3.192091914790722,SSE,55.94477225882159,-3.1919771097610123,2017.835450665105,1572.4120631140731
55.94477225882159,-3.1919771097610123,SSE,55.94449509496183,-3.191862304731303,2017.835450665105,1571.1620631140731
55.94449509496183,-3.191862304731303,S,55.94419509496183,-3.191862304731303,2053.3637876274342,1588.6253394198636
55.94419509496183,-3.191862304731303,ESE,55.94408028993212,-3.1915851408715494,2088.7664233786786,1624.8367296818992
55.94408028993212,-3.1915851408715494,WSW,55.94396548490241,-3.191862304731303,2113.967661281097,1699.3797159864184
55.94396548490241,-3.191862304731303,ESE,55.943850679872696,-3.1915851408715494,2113.967661281097,1698.1297159864184
55.943850679872696,-3.1915851408715494,ESE,55.943735874842986,-3.191307977011796,2154.2389789599847,1723.957536427946
55.943735874842986,-3.191307977011796,S,55.94343587484298,-3.191307977011796,2154.2389789599847,1722.707536427946
55.94343587484298,-3.191307977011796,S,55.94313587484298,-3.191307977011796,2222.926437414207,1736.8273208990556
55.94313587484298,-3.191307977011796,W,55.94313587484298,-3.191607977011796,2222.926437414207,1735.5773208990556
55.94313587484298,-3.191607977011796,WNW,55.94325067987269,-3.1918851408715496,2222.926437414207,1734.3273208990556
55.94325067987269,-3.1918851408715496,W,55.94325067987269,-3.19218514087155,2243.3516662684146,1852.9975273507384
55.94325067987269,-3.19218514087155,WSW,55.94313587484298,-3.192462304731303,2302.632939422876,1882.2293566463454
55.94313587484298,-3.192462304731303,N,55.94343587484298,-3.192462304731303,2305.6177439888106,1950.103510186096
55.94343587484298,-3.192462304731303,NNE,55.94371303870274,-3.1923474997015937,2305.6177439888106,1948.853510186096
55.94371303870274,-3.1923474997015937,NNE,55.943990202562496,-3.192232694671884,2305.6177439888106,1947.603510186096
55.943990202562496,-3.192232694671884,NNE,55.94426736642225,-3.1921178896421747,2305.6177439888106,1946.353510186096
55.94426736642225,-3.1921178896421747,NNE,55.94454453028201,-3.192003084612465,2305.6177439888106,1945.103510186096
55.94454453028201,-3.192003084612465,E,55.94454453028201,-3.191703084612465,2305.6177439888106,1943.853510186096
55.94454453028201,-3.191703084612465,NE,55.944756662316365,-3.191490952578109,2305.6177439888106,1942.603510186096
55.944756662316365,-3.191490952578109,NE,55.94496879435072,-3.1912788205437534,2305.6177439888106,1941.353510186096
55.94496879435072,-3.1912788205437534,NNE,55.94524595821048,-3.191164015514044,2305.6177439888106,1940.103510186096
55.94524595821048,-3.191164015514044,NE,55.945458090244834,-3.190951883479688,2305.6177439888106,1938.853510186096
55.945458090244834,-3.190951883479688,NNE,55.94573525410459,-3.1908370784499787,2374.228838755167,1939.5598914131706
55.94573525410459,-3.1908370784499787,NW,55.94594738613895,-3.1910492104843344,2480.3162207360638,2052.6441064730384
55.94594738613895,-3.1910492104843344,E,55.94594738613895,-3.1907492104843342,2480.3162207360638,2051.3941064730384
55.94594738613895,-3.1907492104843342,ENE,55.94606219116866,-3.190472046624581,2480.3162207360638,2050.1441064730384
55.94606219116866,-3.190472046624581,ESE,55.94594738613895,-3.1901948827648274,2480.3162207360638,2048.8941064730384
55.94594738613895,-3.1901948827648274,ESE,55.94583258110924,-3.189917718905074,2480.3162207360638,2047.6441064730384
55.94583258110924,-3.189917718905074,SE,55.94562044907488,-3.1897055868707183,2601.899990015327,2080.8752193463924
55.94562044907488,-3.1897055868707183,E,55.94562044907488,-3.189405586870718,2601.899990015327,2079.6252193463924
55.94562044907488,-3.189405586870718,ESE,55.94550564404517,-3.1891284230109647,2601.899990015327,2078.3752193463924
55.94550564404517,-3.1891284230109647,E,55.94550564404517,-3.1888284230109645,2721.7008315417715,2150.8630945144855
55.94550564404517,-3.1888284230109645,SE,55.945293512010814,-3.1886162909766087,2721.7008315417715,2149.6130945144855
55.945293512010814,-3.1886162909766087,SE,55.94508137997646,-3.188404158942253,2721.7008315417715,2148.3630945144855
55.94508137997646,-3.188404158942253,SE,55.9448692479421,-3.188192026907897,2721.7008315417715,2147.1130945144855
55.9448692479421,-3.188192026907897,SE,55.944657115907745,-3.1879798948735414,2721.7008315417715,2145.8630945144855
55.944657115907745,-3.1879798948735414,W,55.944657115907745,-3.1882798948735416,2721.7008315417715,2144.6130945144855
55.944657115907745,-3.1882798948735416,WSW,55.944542310878035,-3.188557058733295,2721.7008315417715,2143.3630945144855
55.944542310878035,-3.188557058733295,ESE,55.944427505848324,-3.1882798948735416,2721.7008315417715,2142.1130945144855
55.944427505848324,-3.1882798948735416,ESE,55.944312700818614,-3.188002731013788,2721.7008315417715,2140.8630945144855
55.944312700818614,-3.188002731013788,ESE,55.9441978957889,-3.1877255671540348,2721.7008315417715,2139.6130945144855
55.9441978957889,-3.1877255671540348,ESE,55.94408309075919,-3.1874484032942814,2808.352333719118,2149.1291182836853
55.94408309075919,-3.1874484032942814,SSE,55.94380592689944,-3.187333598264572,2808.352333719118,2147.8791182836853
55.94380592689944,-3.187333598264572,NNW,55.94408309075919,-3.1874484032942814,2808.352333719118,2146.6291182836853
55.94408309075919,-3.1874484032942814,SE,55.94387095872484,-3.1872362712599256,2808.352333719118,2145.3791182836853
55.94387095872484,-3.1872362712599256,SE,55.94365882669048,-3.18702413922557,2808.352333719118,2144.1291182836853
55.94365882669048,-3.18702413922557,SE,55.943446694656124,-3.186812007191214,2808.352333719118,2142.8791182836853
55.943446694656124,-3.186812007191214,SE,55.94323456262177,-3.1865998751568583,2808.352333719118,2141.6291182836853
55.94323456262177,-3.1865998751568583,SE,55.94302243058741,-3.1863877431225025,2808.352333719118,2140.3791182836853
55.94302243058741,-3.1863877431225025,SE,55.942810298553056,-3.1861756110881467,2892.8415902348465,2215.1787302204702
55.942810298553056,-3.1861756110881467,N,55.94311029855306,-3.1861756110881467,2892.8415902348465,2213.9287302204702
55.94311029855306,-3.1861756110881467,S,55.942810298553056,-3.1861756110881467,2892.8415902348465,2212.6787302204702
55.942810298553056,-3.1861756110881467,ENE,55.942925103582766,-3.1858984472283933,2892.8415902348465,2211.4287302204702
55.942925103582766,-3.1858984472283933,E,55.942925103582766,-3.185598447228393,2892.8415902348465,2210.1787302204702
55.942925103582766,-3.185598447228393,ENE,55.94303990861248,-3.1853212833686397,2892.8415902348465,2208.9287302204702
55.94303990861248,-3.1853212833686397,E,55.94303990861248,-3.1850212833686395,2892.8415902348465,2207.6787302204702
55.94303990861248,-3.1850212833686395,ENE,55.94315471364219,-3.184744119508886,2921.5006938144334,2325.048777126885
55.94315471364219,-3.184744119508886,NNW,55.94343187750194,-3.1848589245385956,2921.5006938144334,2323.798777126885
55.94343187750194,-3.1848589245385956,NE,55.9436440095363,-3.18464679250424,2921.5006938144334,2322.548777126885
55.9436440095363,-3.18464679250424,SW,55.94343187750194,-3.1848589245385956,2921.5006938144334,2321.298777126885
55.94343187750194,-3.1848589245385956,SE,55.94321974546759,-3.18464679250424,2921.5006938144334,2320.048777126885
55.94321974546759,-3.18464679250424,ENE,55.9433345504973,-3.1843696286444865,2921.5006938144334,2318.798777126885
55.9433345504973,-3.1843696286444865,SSW,55.94305738663754,-3.184484433674196,2921.5006938144334,2317.548777126885
55.94305738663754,-3.184484433674196,SSW,55.942780222777785,-3.1845992387039055,2921.5006938144334,2316.298777126885
55.942780222777785,-3.1845992387039055,ESE,55.942665417748074,-3.184322074844152,2921.5006938144334,2315.048777126885
55.942665417748074,-3.184322074844152,W,55.942665417748074,-3.1846220748441523,2921.5006938144334,2313.798777126885
55.942665417748074,-3.1846220748441523,NW,55.94287754978243,-3.184834206878508,2921.5006938144334,2312.548777126885
55.94287754978243,-3.184834206878508,SW,55.942665417748074,-3.185046338912864,2921.5006938144334,2311.298777126885
55.942665417748074,-3.185046338912864,WNW,55.942780222777785,-3.185323502772617,2921.5006938144334,2310.048777126885
55.942780222777785,-3.185323502772617,NE,55.94299235481214,-3.1851113707382614,2921.5006938144334,2308.798777126885
55.94299235481214,-3.1851113707382614,ENE,55.94310715984185,-3.184834206878508,2921.5006938144334,2307.548777126885
55.94310715984185,-3.184834206878508,W,55.94310715984185,-3.1851342068785082,2921.5006938144334,2306.298777126885
55.94310715984185,-3.1851342068785082,ENE,55.94322196487156,-3.184857043018755,2921.5006938144334,2305.048777126885
55.94322196487156,-3.184857043018755,SE,55.943009832837205,-3.184644910984399,2921.5006938144334,2303.798777126885
55.943009832837205,-3.184644910984399,ESE,55.942895027807495,-3.1843677471246457,2921.5006938144334,2302.548777126885
55.942895027807495,-3.1843677471246457,SSW,55.94261786394774,-3.184482552154355,2921.5006938144334,2301.298777126885
55.94261786394774,-3.184482552154355,N,55.94291786394774,-3.184482552154355,2921.5006938144334,2300.048777126885
55.94291786394774,-3.184482552154355,SSE,55.942640700087985,-3.1843677471246457,2921.5006938144334,2298.798777126885
55.942640700087985,-3.1843677471246457,W,55.942640700087985,-3.184667747124646,2921.5006938144334,2297.548777126885
55.942640700087985,-3.184667747124646,N,55.94294070008799,-3.184667747124646,2921.5006938144334,2296.298777126885
55.94294070008799,-3.184667747124646,W,55.94294070008799,-3.184967747124646,2921.5006938144334,2295.048777126885
55.94294070008799,-3.184967747124646,SSE,55.94266353622823,-3.1848529420949365,2921.5006938144334,2293.798777126885
55.94266353622823,-3.1848529420949365,NE,55.94287566826259,-3.1846408100605808,2921.5006938144334,2292.548777126885
55.94287566826259,-3.1846408100605808,N,55.94317566826259,-3.1846408100605808,2921.5006938144334,2291.298777126885
55.94317566826259,-3.1846408100605808,S,55.94287566826259,-3.1846408100605808,2921.5006938144334,2290.048777126885
55.94287566826259,-3.1846408100605808,NNW,55.943152832122344,-3.1847556150902903,2921.5006938144334,2288.798777126885
55.943152832122344,-3.1847556150902903,SE,55.94294070008799,-3.1845434830559345,2921.5006938144334,2287.548777126885
55.94294070008799,-3.1845434830559345,N,55.94324070008799,-3.1845434830559345,2921.5006938144334,2286.298777126885
55.94324070008799,-3.1845434830559345,S,55.94294070008799,-3.1845434830559345,2921.5006938144334,2285.048777126885
55.94294070008799,-3.1845434830559345,WNW,55.9430555051177,-3.184820646915688,2921.5006938144334,2283.798777126885
55.9430555051177,-3.184820646915688,W,55.9430555051177,-3.185120646915688,2921.5006938144334,2282.548777126885
55.9430555051177,-3.185120646915688,SE,55.94284337308334,-3.1849085148813323,2921.5006938144334,2281.298777126885
55.94284337308334,-3.1849085148813323,ENE,55.94295817811305,-3.184631351021579,2921.5006938144334,2280.048777126885
55.94295817811305,-3.184631351021579,NW,55.94317031014741,-3.1848434830559347,2921.5006938144334,2278.798777126885
55.94317031014741,-3.1848434830559347,E,55.94317031014741,-3.1845434830559345,2921.5006938144334,2277.548777126885
55.94317031014741,-3.1845434830559345,NE,55.943382442181765,-3.1843313510215787,2921.5006938144334,2276.298777126885
55.943382442181765,-3.1843313510215787,S,55.94308244218176,-3.1843313510215787,2921.5006938144334,2275.048777126885
55.94308244218176,-3.1843313510215787,W,55.94308244218176,-3.184631351021579,2921.5006938144334,2273.798777126885
55.94308244218176,-3.184631351021579,E,55.94308244218176,-3.1843313510215787,2921.5006938144334,2272.548777126885
55.94308244218176,-3.1843313510215787,WNW,55.94319724721147,-3.184608514881332,2921.5006938144334,2271.298777126885
55.94319724721147,-3.184608514881332,SSW,55.942920083351716,-3.1847233199110416,2921.5006938144334,2270.048777126885
55.942920083351716,-3.1847233199110416,NNE,55.94319724721147,-3.184608514881332,2921.5006938144334,2268.798777126885
55.94319724721147,-3.184608514881332,NNW,55.94347441107123,-3.1847233199110416,2921.5006938144334,2267.548777126885
55.94347441107123,-3.1847233199110416,NNW,55.943751574930985,-3.184838124940751,2921.5006938144334,2266.298777126885
55.943751574930985,-3.184838124940751,NE,55.94396370696534,-3.1846259929063954,2921.5006938144334,2265.048777126885
55.94396370696534,-3.1846259929063954,SE,55.943751574930985,-3.1844138608720396,2921.5006938144334,2263.798777126885
55.943751574930985,-3.1844138608720396,NNW,55.94402873879074,-3.184528665901749,2921.5006938144334,2262.548777126885
55.94402873879074,-3.184528665901749,W,55.94402873879074,-3.1848286659017493,2921.5006938144334,2261.298777126885
55.94402873879074,-3.1848286659017493,N,55.944328738790745,-3.1848286659017493,2921.5006938144334,2260.048777126885
55.944328738790745,-3.1848286659017493,S,55.94402873879074,-3.1848286659017493,2921.5006938144334,2258.798777126885
55.94402873879074,-3.1848286659017493,NNW,55.9443059026505,-3.184943470931459,2921.5006938144334,2257.548777126885
55.9443059026505,-3.184943470931459,NE,55.944518034684855,-3.184731338897103,2921.5006938144334,2256.298777126885
55.944518034684855,-3.184731338897103,SE,55.9443059026505,-3.1845192068627473,2921.5006938144334,2255.048777126885
55.9443059026505,-3.1845192068627473,NNE,55.944583066510255,-3.1844044018330377,2921.5006938144334,2253.798777126885
55.944583066510255,-3.1844044018330377,WSW,55.944468261480544,-3.184681565692791,2921.5006938144334,2252.548777126885
55.944468261480544,-3.184681565692791,SE,55.94425612944619,-3.1844694336584354,2921.5006938144334,2251.298777126885
55.94425612944619,-3.1844694336584354,SSW,55.94397896558643,-3.184584238688145,2921.5006938144334,2250.048777126885
55.94397896558643,-3.184584238688145,NNW,55.94425612944619,-3.1846990437178544,2921.5006938144334,2248.798777126885
55.94425612944619,-3.1846990437178544,W,55.94425612944619,-3.1849990437178546,2921.5006938144334,2247.548777126885
55.94425612944619,-3.1849990437178546,ESE,55.94414132441648,-3.184721879858101,2921.5006938144334,2246.298777126885
55.94414132441648,-3.184721879858101,WNW,55.94425612944619,-3.1849990437178546,2921.5006938144334,2245.048777126885
55.94425612944619,-3.1849990437178546,ENE,55.9443709344759,-3.184721879858101,2921.5006938144334,2243.798777126885
55.9443709344759,-3.184721879858101,E,55.9443709344759,-3.184421879858101,2921.5006938144334,2242.548777126885
55.9443709344759,-3.184421879858101,WSW,55.94425612944619,-3.1846990437178544,2921.5006938144334,2241.298777126885
55.94425612944619,-3.1846990437178544,S,55.943956129446185,-3.1846990437178544,2921.5006938144334,2240.048777126885
55.943956129446185,-3.1846990437178544,SW,55.94374399741183,-3.18491117575221,2921.5006938144334,2238.798777126885
55.94374399741183,-3.18491117575221,SSW,55.94346683355207,-3.1850259807819197,2921.5006938144334,2237.548777126885
55.94346683355207,-3.1850259807819197,ESE,55.94335202852236,-3.1847488169221663,2921.5006938144334,2236.298777126885
55.94335202852236,-3.1847488169221663,SSW,55.943074864662606,-3.184863621951876,2921.5006938144334,2235.048777126885
55.943074864662606,-3.184863621951876,WNW,55.943189669692316,-3.185140785811629,2921.5006938144334,2233.798777126885
55.943189669692316,-3.185140785811629,SSE,55.94291250583256,-3.1850259807819197,2921.5006938144334,2232.548777126885
55.94291250583256,-3.1850259807819197,SSW,55.9426353419728,-3.185140785811629,2921.5006938144334,2231.298777126885
55.9426353419728,-3.185140785811629,E,55.9426353419728,-3.184840785811629,2921.5006938144334,2230.048777126885
55.9426353419728,-3.184840785811629,ENE,55.94275014700251,-3.1845636219518756,2921.5006938144334,2228.798777126885
55.94275014700251,-3.1845636219518756,WNW,55.942864952032224,-3.184840785811629,2921.5006938144334,2227.548777126885
55.942864952032224,-3.184840785811629,ESE,55.94275014700251,-3.1845636219518756,2921.5006938144334,2226.298777126885
55.94275014700251,-3.1845636219518756,W,55.94275014700251,-3.184863621951876,2921.5006938144334,2225.048777126885
55.94275014700251,-3.184863621951876,WSW,55.9426353419728,-3.185140785811629,2921.5006938144334,2223.798777126885
55.9426353419728,-3.185140785811629,NW,55.94284747400716,-3.185352917845985,2921.5006938144334,2222.548777126885
55.94284747400716,-3.185352917845985,N,55.94314747400716,-3.185352917845985,2921.5006938144334,2221.298777126885
55.94314747400716,-3.185352917845985,E,55.94314747400716,-3.1850529178459848,2921.5006938144334,2220.048777126885
55.94314747400716,-3.1850529178459848,NW,55.94335960604152,-3.1852650498803405,2921.5006938144334,2218.798777126885
55.94335960604152,-3.1852650498803405,SSW,55.94308244218176,-3.18537985491005,2921.5006938144334,2217.548777126885
55.94308244218176,-3.18537985491005,ESE,55.94296763715205,-3.1851026910502966,2921.5006938144334,2216.298777126885
55.94296763715205,-3.1851026910502966,S,55.94266763715205,-3.1851026910502966,2921.5006938144334,2215.048777126885
55.94266763715205,-3.1851026910502966,E,55.94266763715205,-3.1848026910502965,2921.5006938144334,2213.798777126885
55.94266763715205,-3.1848026910502965,N,55.94296763715205,-3.1848026910502965,2921.5006938144334,2212.548777126885
55.94296763715205,-3.1848026910502965,ESE,55.94285283212234,-3.184525527190543,2921.5006938144334,2211.298777126885
55.94285283212234,-3.184525527190543,WSW,55.94273802709263,-3.1848026910502965,2921.5006938144334,2210.048777126885
55.94273802709263,-3.1848026910502965,NE,55.94295015912699,-3.1845905590159407,2921.5006938144334,2208.798777126885
55.94295015912699,-3.1845905590159407,SE,55.94273802709263,-3.184378426981585,2921.5006938144334,2207.548777126885
55.94273802709263,-3.184378426981585,W,55.94273802709263,-3.184678426981585,2921.5006938144334,2206.298777126885
55.94273802709263,-3.184678426981585,NNW,55.94301519095239,-3.1847932320112946,2921.5006938144334,2205.048777126885
55.94301519095239,-3.1847932320112946,S,55.942715190952384,-3.1847932320112946,2921.5006938144334,2203.798777126885
55.942715190952384,-3.1847932320112946,W,55.942715190952384,-3.185093232011295,2921.5006938144334,2202.548777126885
55.942715190952384,-3.185093232011295,NE,55.94292732298674,-3.184881099976939,2921.5006938144334,2201.298777126885
55.94292732298674,-3.184881099976939,NW,55.9431394550211,-3.185093232011295,2921.5006938144334,2200.048777126885
55.9431394550211,-3.185093232011295,SW,55.94292732298674,-3.1853053640456506,2921.5006938144334,2198.798777126885
55.94292732298674,-3.1853053640456506,NNE,55.9432044868465,-3.185190559015941,2921.5006938144334,2197.548777126885
55.9432044868465,-3.185190559015941,S,55.942904486846494,-3.185190559015941,2921.5006938144334,2196.298777126885
55.942904486846494,-3.185190559015941,ESE,55.942789681816784,-3.1849133951561877,2921.5006938144334,2195.048777126885
55.942789681816784,-3.1849133951561877,ESE,55.94267487678707,-3.1846362312964343,2921.5006938144334,2193.798777126885
55.94267487678707,-3.1846362312964343,E,55.94267487678707,-3.184336231296434,2921.5006938144334,2192.548777126885
55.94267487678707,-3.184336231296434,WNW,55.942789681816784,-3.1846133951561875,2921.5006938144334,2191.298777126885
55.942789681816784,-3.1846133951561875,NW,55.94300181385114,-3.1848255271905432,2921.5006938144334,2190.048777126885
55.94300181385114,-3.1848255271905432,NE,55.943213945885496,-3.1846133951561875,2921.5006938144334,2188.798777126885
55.943213945885496,-3.1846133951561875,N,55.9435139458855,-3.1846133951561875,2921.5006938144334,2187.548777126885
55.9435139458855,-3.1846133951561875,NW,55.943726077919855,-3.1848255271905432,2921.5006938144334,2186.298777126885
55.943726077919855,-3.1848255271905432,SSE,55.9434489140601,-3.1847107221608337,2921.5006938144334,2185.048777126885
55.9434489140601,-3.1847107221608337,SSE,55.94317175020034,-3.184595917131124,2921.5006938144334,2183.798777126885