55.944425, -3.188396, W, 55.944425. -3.188696, 19.222674004354666, 357.76848156338053
249,
55.944425, -3.188696, NNW, 55.94470216385976. -3.1888108050297097, 19.222674004354666, 356.51848156338053
248,
55.94470216385976, -3.1888108050297097, SE, 55.9444900318254. -3.188598672995354, 19.222674004354666, 355.26848156338053
247,
55.9444900318254, -3.188598672995354, NE, 55.94470216385976. -3.188386540960998, 66.8533088551731, 388.87154895013975
246,
55.94470216385976, -3.188386540960998, ESE, 55.94458735883005. -3.1881093771012448, 66.8533088551731, 387.62154895013975
245,
55.94458735883005, -3.1881093771012448, SSE, 55.94431019497029. -3.1879945720715352, 66.8533088551731, 386.37154895013975
244,
55.94431019497029, -3.1879945720715352, NNE, 55.94458735883005. -3.1878797670418257, 66.8533088551731, 385.12154895013975
243,
55.94458735883005, -3.1878797670418257, SE, 55.94437522679569. -3.18766763500747, 66.8533088551731, 383.87154895013975
242,
55.94437522679569, -3.18766763500747, S, 55.94407522679569. -3.18766763500747, 66.8533088551731, 382.62154895013975
241,
55.94407522679569, -3.18766763500747, ENE, 55.9441900318254. -3.1873904711477166, 66.8533088551731, 381.37154895013975
240,
55.9441900318254, -3.1873904711477166, SW, 55.943977899791044. -3.1876026031820723, 66.8533088551731, 380.12154895013975
239,
55.943977899791044, -3.1876026031820723, N, 55.94427789979105. -3.1876026031820723, 66.8533088551731, 378.87154895013975
238,
55.94427789979105, -3.1876026031820723, S, 55.943977899791044. -3.1876026031820723, 66.8533088551731, 377.62154895013975
237,
55.943977899791044, -3.1876026031820723, S, 55.94367789979104. -3.1876026031820723, 66.8533088551731, 376.37154895013975
236,
55.94367789979104, -3.1876026031820723, SW, 55.943465767756685. -3.187814735216428, 124.93400505977101, 437.8373158204065
235,
55.943465767756685, -3.187814735216428, SW, 55.94325363572233. -3.188026867250784, 124.93400505977101, 436.5873158204065
234,
55.94325363572233, -3.188026867250784, W, 55.94325363572233. -3.188326867250784, 235.7606331797578, 554.673786365269
233,
55.94325363572233, -3.188326867250784, NNW, 55.943530799582085. -3.1884416722804936, 235.7606331797578, 553.423786365269
232,
55.943530799582085, -3.1884416722804936, W, 55.943530799582085. -3.1887416722804938, 343.9923663115301, 628.067394267896
231,
55.943530799582085, -3.1887416722804938, W, 55.943530799582085. -3.189041672280494, 343.9923663115301, 626.817394267896
230,
55.943530799582085, -3.189041672280494, W, 55.943530799582085. -3.189341672280494, 409.7496172770121, 700.9659848768222
229,
55.943530799582085, -3.189341672280494, NE, 55.94374293161644. -3.1891295402461384, 493.6088856839805, 722.4126279768146
228,
55.94374293161644, -3.1891295402461384, S, 55.94344293161644. -3.1891295402461384, 493.6088856839805, 721.1626279768146
227,
55.94344293161644, -3.1891295402461384, N, 55.94374293161644. -3.1891295402461384, 493.6088856839805, 719.9126279768146
226,
55.94374293161644, -3.1891295402461384, N, 55.944042931616444. -3.1891295402461384, 493.6088856839805, 718.6626279768146
225,
55.944042931616444, -3.1891295402461384, NW, 55.9442550636508. -3.189341672280494, 493.6088856839805, 717.4126279768146
224,
55.9442550636508, -3.189341672280494, N, 55.9445550636508. -3.189341672280494, 496.8759307349513, 820.36766000815
223,
55.9445550636508, -3.189341672280494, W, 55.9445550636508. -3.1896416722804943, 496.8759307349513, 819.11766000815
222,
55.9445550636508, -3.1896416722804943, S, 55.9442550636508. -3.1896416722804943, 496.8759307349513, 817.86766000815
221,
55.9442550636508, -3.1896416722804943, NW, 55.94446719568516. -3.18985380431485, 496.8759307349513, 816.61766000815
220,
55.94446719568516, -3.18985380431485, SW, 55.9442550636508. -3.190065936349206, 496.8759307349513, 815.36766000815
219,
55.9442550636508, -3.190065936349206, WSW, 55.94414025862109. -3.1903431002089593, 496.8759307349513, 814.11766000815
218,
55.94414025862109, -3.1903431002089593, WNW, 55.9442550636508. -3.1906202640687127, 496.8759307349513, 812.86766000815
217,
55.9442550636508, -3.1906202640687127, W, 55.9442550636508. -3.190920264068713, 516.847301637689, 833.5754600673847
216,
55.9442550636508, -3.190920264068713, NE, 55.94446719568516. -3.190708132034357, 516.847301637689, 832.3254600673847
215,
55.94446719568516, -3.190708132034357, ENE, 55.94458200071487. -3.1904309681746037, 516.847301637689, 831.0754600673847
214,
55.94458200071487, -3.1904309681746037, SW, 55.94436986868051. -3.1906431002089595, 516.847301637689, 829.8254600673847
213,
55.94436986868051, -3.1906431002089595, ENE, 55.94448467371022. -3.190365936349206, 516.847301637689, 828.5754600673847
212,
55.94448467371022, -3.190365936349206, SE, 55.944272541675865. -3.1901538043148503, 516.847301637689, 827.3254600673847
211,
55.944272541675865, -3.1901538043148503, ESE, 55.944157736646154. -3.189876640455097, 516.847301637689, 826.0754600673847
210,
55.944157736646154, -3.189876640455097, NE, 55.94436986868051. -3.189664508420741, 516.847301637689, 824.8254600673847
209,
55.94436986868051, -3.189664508420741, SSW, 55.944092704820754. -3.1897793134504506, 516.847301637689, 823.5754600673847
208,
55.944092704820754, -3.1897793134504506, S, 55.94379270482075. -3.1897793134504506, 516.847301637689, 822.3254600673847
207,
55.94379270482075, -3.1897793134504506, W, 55.94379270482075. -3.190079313450451, 516.847301637689, 821.0754600673847
206,
55.94379270482075, -3.190079313450451, E, 55.94379270482075. -3.1897793134504506, 516.847301637689, 819.8254600673847
205,
55.94379270482075, -3.1897793134504506, NNW, 55.94406986868051. -3.18989411848016, 516.847301637689, 818.5754600673847
204,
55.94406986868051, -3.18989411848016, SSE, 55.94379270482075. -3.1897793134504506, 516.847301637689, 817.3254600673847
203,
55.94379270482075, -3.1897793134504506, E, 55.94379270482075. -3.1894793134504504, 516.847301637689, 816.0754600673847
202,
55.94379270482075, -3.1894793134504504, ESE, 55.94367789979104. -3.189202149590697, 516.847301637689, 814.8254600673847
201,
55.94367789979104, -3.189202149590697, NNW, 55.9439550636508. -3.1893169546204065, 516.847301637689, 813.5754600673847
200,
55.9439550636508, -3.1893169546204065, N, 55.9442550636508. -3.1893169546204065, 516.847301637689, 812.3254600673847
199,
55.9442550636508, -3.1893169546204065, W, 55.9442550636508. -3.1896169546204067, 516.847301637689, 811.0754600673847
198,
55.9442550636508, -3.1896169546204067, SSE, 55.943977899791044. -3.189502149590697, 516.847301637689, 809.8254600673847
197,
55.943977899791044, -3.189502149590697, NE, 55.9441900318254. -3.1892900175563414, 516.847301637689, 808.5754600673847
196,
55.9441900318254, -3.1892900175563414, N, 55.9444900318254. -3.1892900175563414, 516.847301637689, 807.3254600673847
195,
55.9444900318254, -3.1892900175563414, S, 55.9441900318254. -3.1892900175563414, 516.847301637689, 806.0754600673847
194,
55.9441900318254, -3.1892900175563414, NNW, 55.94446719568516. -3.189404822586051, 516.847301637689, 804.8254600673847
193,
55.94446719568516, -3.189404822586051, SE, 55.9442550636508. -3.189192690551695, 516.847301637689, 803.5754600673847
192,
55.9442550636508, -3.189192690551695, N, 55.9445550636508. -3.189192690551695, 516.847301637689, 802.3254600673847
191,
55.9445550636508, -3.189192690551695, S, 55.9442550636508. -3.189192690551695, 516.847301637689, 801.0754600673847
190,
55.9442550636508, -3.189192690551695, WNW, 55.94436986868051. -3.1894698544114486, 516.847301637689, 799.8254600673847
189,
55.94436986868051, -3.1894698544114486, W, 55.94436986868051. -3.189769854411449, 516.847301637689, 798.5754600673847
188,
55.94436986868051, -3.189769854411449, SE, 55.944157736646154. -3.189557722377093, 516.847301637689, 797.3254600673847
187,
55.944157736646154, -3.189557722377093, ENE, 55.944272541675865. -3.1892805585173396, 516.847301637689, 796.0754600673847
186,
55.944272541675865, -3.1892805585173396, NW, 55.94448467371022. -3.1894926905516954, 516.847301637689, 794.8254600673847
185,
55.94448467371022, -3.1894926905516954, E, 55.94448467371022. -3.189192690551695, 516.847301637689, 793.5754600673847
184,
55.94448467371022, -3.189192690551695, NE, 55.94469680574458. -3.1889805585173394, 516.847301637689, 792.3254600673847
183,
55.94469680574458, -3.1889805585173394, E, 55.94469680574458. -3.1886805585173392, 516.847301637689, 791.0754600673847
182,
55.94469680574458, -3.1886805585173392, SE, 55.94448467371022. -3.1884684264829835, 516.847301637689, 789.8254600673847
181,
55.94448467371022, -3.1884684264829835, SE, 55.944272541675865. -3.1882562944486277, 516.847301637689, 788.5754600673847
180,
55.944272541675865, -3.1882562944486277, W, 55.944272541675865. -3.188556294448628, 516.847301637689, 787.3254600673847
179,
55.944272541675865, -3.188556294448628, S, 55.94397254167586. -3.188556294448628, 516.847301637689, 786.0754600673847
178,
55.94397254167586, -3.188556294448628, NNE, 55.94424970553562. -3.1884414894189184, 516.847301637689, 784.8254600673847
177,
55.94424970553562, -3.1884414894189184, W, 55.94424970553562. -3.1887414894189186, 516.847301637689, 783.5754600673847
176,
55.94424970553562, -3.1887414894189186, NNW, 55.944526869395375. -3.188856294448628, 516.847301637689, 782.3254600673847
175,
55.944526869395375, -3.188856294448628, E, 55.944526869395375. -3.188556294448628, 516.847301637689, 781.0754600673847
174,
55.944526869395375, -3.188556294448628, ESE, 55.944412064365665. -3.1882791305888745, 516.847301637689, 779.8254600673847
173,
55.944412064365665, -3.1882791305888745, W, 55.944412064365665. -3.1885791305888747, 516.847301637689, 778.5754600673847
172,
55.944412064365665, -3.1885791305888747, E, 55.944412064365665. -3.1882791305888745, 516.847301637689, 777.3254600673847
171,
55.944412064365665, -3.1882791305888745, SSW, 55.94413490050591. -3.188393935618584, 516.847301637689, 776.0754600673847
170,
55.94413490050591, -3.188393935618584, N, 55.94443490050591. -3.188393935618584, 516.847301637689, 774.8254600673847
169,
55.94443490050591, -3.188393935618584, ENE, 55.94454970553562. -3.1881167717588306, 516.847301637689, 773.5754600673847
168,
55.94454970553562, -3.1881167717588306, NNW, 55.94482686939538. -3.18823157678854, 516.847301637689, 772.3254600673847
167,
55.94482686939538, -3.18823157678854, SW, 55.94461473736102. -3.188443708822896, 516.847301637689, 771.0754600673847
166,
55.94461473736102, -3.188443708822896, NNW, 55.94489190122078. -3.1885585138526054, 516.847301637689, 769.8254600673847
165,
55.94489190122078, -3.1885585138526054, NNW, 55.945169065080535. -3.188673318882315, 516.847301637689, 768.5754600673847
164,
55.945169065080535, -3.188673318882315, E, 55.945169065080535. -3.1883733188823147, 516.847301637689, 767.3254600673847
163,
55.945169065080535, -3.1883733188823147, W, 55.945169065080535. -3.188673318882315, 516.847301637689, 766.0754600673847
162,
55.945169065080535, -3.188673318882315, NNW, 55.94544622894029. -3.1887881239120244, 516.847301637689, 764.8254600673847
161,
55.94544622894029, -3.1887881239120244, S, 55.94514622894029. -3.1887881239120244, 516.847301637689, 763.5754600673847
160,
55.94514622894029, -3.1887881239120244, SSW, 55.94486906508053. -3.188902928941734, 516.847301637689, 762.3254600673847
159,
55.94486906508053, -3.188902928941734, WSW, 55.94475426005082. -3.1891800928014873, 516.847301637689, 761.0754600673847
158,
55.94475426005082, -3.1891800928014873, SE, 55.944542128016465. -3.1889679607671315, 516.847301637689, 759.8254600673847
157,
55.944542128016465, -3.1889679607671315, E, 55.944542128016465. -3.1886679607671313, 516.847301637689, 758.5754600673847
156,
55.944542128016465, -3.1886679607671313, NNE, 55.94481929187622. -3.188553155737422, 516.847301637689, 757.3254600673847
155,
55.94481929187622, -3.188553155737422, ESE, 55.94470448684651. -3.1882759918776684, 516.847301637689, 756.0754600673847
154,
55.94470448684651, -3.1882759918776684, ENE, 55.94481929187622. -3.187998828017915, 516.847301637689, 754.8254600673847
153,
55.94481929187622, -3.187998828017915, SSE, 55.944542128016465. -3.1878840229882055, 516.847301637689, 753.5754600673847
152,
55.944542128016465, -3.1878840229882055, ENE, 55.944656933046176. -3.187606859128452, 516.847301637689, 752.3254600673847
151,
55.944656933046176, -3.187606859128452, NNE, 55.94493409690593. -3.1874920540987426, 516.847301637689, 751.0754600673847
150,
55.94493409690593, -3.1874920540987426, ENE, 55.94504890193564. -3.187214890238989, 546.2411170293549, 829.1663205958398
149,
55.94504890193564, -3.187214890238989, NE, 55.94526103397. -3.1870027582046334, 546.2411170293549, 827.9163205958398
148,
55.94526103397, -3.1870027582046334, NE, 55.945473166004355. -3.1867906261702776, 546.2411170293549, 826.6663205958398
147,
55.945473166004355, -3.1867906261702776, E, 55.945473166004355. -3.1864906261702775, 546.2411170293549, 825.4163205958398
146,
55.945473166004355, -3.1864906261702775, NNW, 55.94575032986411. -3.186605431199987, 546.2411170293549, 824.1663205958398
145,
55.94575032986411, -3.186605431199987, NNW, 55.94602749372387. -3.1867202362296965, 546.2411170293549, 822.9163205958398
144,
55.94602749372387, -3.1867202362296965, S, 55.945727493723865. -3.1867202362296965, 546.2411170293549, 821.6663205958398
143,
55.945727493723865, -3.1867202362296965, WSW, 55.945612688694155. -3.18699740008945, 546.2411170293549, 820.4163205958398
142,
55.945612688694155, -3.18699740008945, SE, 55.9454005566598. -3.186785268055094, 546.2411170293549, 819.1663205958398
141,
55.9454005566598, -3.186785268055094, ESE, 55.94528575163009. -3.1865081041953407, 546.2411170293549, 817.9163205958398
140,
55.94528575163009, -3.1865081041953407, SW, 55.94507361959573. -3.1867202362296965, 546.2411170293549, 816.6663205958398
139,
55.94507361959573, -3.1867202362296965, NNW, 55.94535078345549. -3.186835041259406, 546.2411170293549, 815.4163205958398
138,
55.94535078345549, -3.186835041259406, SSE, 55.94507361959573. -3.1867202362296965, 546.2411170293549, 814.1663205958398
137,
55.94507361959573, -3.1867202362296965, NW, 55.94528575163009. -3.1869323682640522, 546.2411170293549, 812.9163205958398
136,
55.94528575163009, -3.1869323682640522, ENE, 55.9454005566598. -3.186655204404299, 546.2411170293549, 811.6663205958398
135,
55.9454005566598, -3.186655204404299, WNW, 55.94551536168951. -3.1869323682640522, 546.2411170293549, 810.4163205958398
134,
55.94551536168951, -3.1869323682640522, E, 55.94551536168951. -3.186632368264052, 546.2411170293549, 809.1663205958398
133,
55.94551536168951, -3.186632368264052, SSW, 55.94523819782975. -3.1867471732937616, 546.2411170293549, 807.9163205958398
132,
55.94523819782975, -3.1867471732937616, SE, 55.945026065795396. -3.186535041259406, 546.2411170293549, 806.6663205958398
131,
55.945026065795396, -3.186535041259406, NE, 55.94523819782975. -3.18632290922505, 546.2411170293549, 805.4163205958398
130,
55.94523819782975, -3.18632290922505, ESE, 55.94512339280004. -3.1860457453652966, 546.2411170293549, 804.1663205958398
129,
55.94512339280004, -3.1860457453652966, SW, 55.944911260765686. -3.1862578773996524, 546.2411170293549, 802.9163205958398
128,
55.944911260765686, -3.1862578773996524, NW, 55.94512339280004. -3.186470009434008, 546.2411170293549, 801.6663205958398
127,
55.94512339280004, -3.186470009434008, ENE, 55.94523819782975. -3.1861928455742548, 546.2411170293549, 800.4163205958398
126,
55.94523819782975, -3.1861928455742548, ESE, 55.94512339280004. -3.1859156817145013, 546.2411170293549, 799.1663205958398
125,
55.94512339280004, -3.1859156817145013, E, 55.94512339280004. -3.185615681714501, 546.2411170293549, 797.9163205958398
124,
55.94512339280004, -3.185615681714501, SE, 55.944911260765686. -3.1854035496801454, 633.302262470976, 821.0223555366605
123,
55.944911260765686, -3.1854035496801454, SE, 55.94469912873133. -3.1851914176457896, 654.107385457036, 939.3118023139841
122,
55.94469912873133, -3.1851914176457896, S, 55.94439912873133. -3.1851914176457896, 654.107385457036, 938.0618023139841
121,
55.94439912873133, -3.1851914176457896, W, 55.94439912873133. -3.18549141764579, 667.3878955846394, 1001.1815846181225
120,
55.94439912873133, -3.18549141764579, SSE, 55.94412196487157. -3.1853766126160803, 667.3878955846394, 999.9315846181225
119,
55.94412196487157, -3.1853766126160803, ESE, 55.94400715984186. -3.185099448756327, 667.3878955846394, 998.6815846181225
118,
55.94400715984186, -3.185099448756327, W, 55.94400715984186. -3.185399448756327, 667.3878955846394, 997.4315846181225
117,
55.94400715984186, -3.185399448756327, W, 55.94400715984186. -3.1856994487563273, 762.3810384385288, 1047.9558926352865
116,
55.94400715984186, -3.1856994487563273, W, 55.94400715984186. -3.1859994487563275, 825.7076600438571, 1158.2566007505525
115,
55.94400715984186, -3.1859994487563275, SSW, 55.9437299959821. -3.186114253786037, 825.7076600438571, 1157.0066007505525
114,
55.9437299959821, -3.186114253786037, WSW, 55.94361519095239. -3.1863914176457904, 825.7076600438571, 1155.7566007505525
113,
55.94361519095239, -3.1863914176457904, NW, 55.94382732298675. -3.186603549680146, 825.7076600438571, 1154.5066007505525
112,
55.94382732298675, -3.186603549680146, N, 55.94412732298675. -3.186603549680146, 825.7076600438571, 1153.2566007505525
111,
55.94412732298675, -3.186603549680146, ENE, 55.94424212801646. -3.1863263858203927, 862.0580405271705, 1241.4064182441095
110,
55.94424212801646, -3.1863263858203927, NW, 55.94445426005082. -3.1865385178547485, 862.0580405271705, 1240.1564182441095
109,
55.94445426005082, -3.1865385178547485, WNW, 55.94456906508053. -3.186815681714502, 862.0580405271705, 1238.9064182441095
108,
55.94456906508053, -3.186815681714502, NNW, 55.944846228940285. -3.1869304867442114, 862.0580405271705, 1237.6564182441095
107,
55.944846228940285, -3.1869304867442114, W, 55.944846228940285. -3.1872304867442116, 862.0580405271705, 1236.4064182441095
106,
55.944846228940285, -3.1872304867442116, W, 55.944846228940285. -3.187530486744212, 862.0580405271705, 1235.1564182441095
105,
55.944846228940285, -3.187530486744212, ENE, 55.944961033969996. -3.1872533228844584, 862.0580405271705, 1233.9064182441095
104,
55.944961033969996, -3.1872533228844584, SSE, 55.94468387011024. -3.187138517854749, 862.0580405271705, 1232.6564182441095
103,
55.94468387011024, -3.187138517854749, NNW, 55.944961033969996. -3.1872533228844584, 862.0580405271705, 1231.4064182441095
102,
55.944961033969996, -3.1872533228844584, E, 55.944961033969996. -3.186953322884458, 862.0580405271705, 1230.1564182441095
101,
55.944961033969996, -3.186953322884458, SW, 55.94474890193564. -3.187165454918814, 862.0580405271705, 1228.9064182441095
100,
55.94474890193564, -3.187165454918814, W, 55.94474890193564. -3.187465454918814, 862.0580405271705, 1227.6564182441095
99,
55.94474890193564, -3.187465454918814, ENE, 55.94486370696535. -3.1871882910590608, 862.0580405271705, 1226.4064182441095
98,
55.94486370696535, -3.1871882910590608, NE, 55.945075838999706. -3.186976159024705, 862.0580405271705, 1225.1564182441095
97,
55.945075838999706, -3.186976159024705, WSW, 55.944961033969996. -3.1872533228844584, 862.0580405271705, 1223.9064182441095
96,
55.944961033969996, -3.1872533228844584, SE, 55.94474890193564. -3.1870411908501026, 862.0580405271705, 1222.6564182441095
95,
55.94474890193564, -3.1870411908501026, NE, 55.944961033969996. -3.186829058815747, 862.0580405271705, 1221.4064182441095
94,
55.944961033969996, -3.186829058815747, WSW, 55.944846228940285. -3.1871062226755003, 862.0580405271705, 1220.1564182441095
93,
55.944846228940285, -3.1871062226755003, N, 55.94514622894029. -3.1871062226755003, 862.0580405271705, 1218.9064182441095
92,
55.94514622894029, -3.1871062226755003, WSW, 55.94503142391058. -3.1873833865352537, 862.0580405271705, 1217.6564182441095
91,
55.94503142391058, -3.1873833865352537, SSE, 55.94475426005082. -3.187268581505544, 862.0580405271705, 1216.4064182441095
90,
55.94475426005082, -3.187268581505544, W, 55.94475426005082. -3.1875685815055443, 862.0580405271705, 1215.1564182441095
89,
55.94475426005082, -3.1875685815055443, NW, 55.94496639208518. -3.1877807135399, 862.0580405271705, 1213.9064182441095
88,
55.94496639208518, -3.1877807135399, SSW, 55.94468922822542. -3.1878955185696096, 862.0580405271705, 1212.6564182441095
87,
55.94468922822542, -3.1878955185696096, W, 55.94468922822542. -3.18819551856961, 862.0580405271705, 1211.4064182441095
86,
55.94468922822542, -3.18819551856961, NE, 55.94490136025978. -3.187983386535254, 862.0580405271705, 1210.1564182441095
85,
55.94490136025978, -3.187983386535254, NW, 55.94511349229413. -3.18819551856961, 862.0580405271705, 1208.9064182441095
84,
55.94511349229413, -3.18819551856961, SW, 55.94490136025978. -3.1884076506039656, 862.0580405271705, 1207.6564182441095
83,
55.94490136025978, -3.1884076506039656, NNE, 55.945178524119534. -3.188292845574256, 862.0580405271705, 1206.4064182441095
82,
55.945178524119534, -3.188292845574256, S, 55.94487852411953. -3.188292845574256, 862.0580405271705, 1205.1564182441095
81,
55.94487852411953, -3.188292845574256, ESE, 55.94476371908982. -3.1880156817145027, 862.0580405271705, 1203.9064182441095
80,
55.94476371908982, -3.1880156817145027, S, 55.94446371908982. -3.1880156817145027, 862.0580405271705, 1202.6564182441095
79,
55.94446371908982, -3.1880156817145027, ESE, 55.94434891406011. -3.1877385178547493, 862.0580405271705, 1201.4064182441095
78,
55.94434891406011, -3.1877385178547493, NW, 55.944561046094464. -3.187950649889105, 862.0580405271705, 1200.1564182441095
77,
55.944561046094464, -3.187950649889105, SSE, 55.94428388223471. -3.1878358448593955, 862.0580405271705, 1198.9064182441095
76,
55.94428388223471, -3.1878358448593955, NNE, 55.944561046094464. -3.187721039829686, 862.0580405271705, 1197.6564182441095
75,
55.944561046094464, -3.187721039829686, S, 55.94426104609446. -3.187721039829686, 862.0580405271705, 1196.4064182441095
74,
55.94426104609446, -3.187721039829686, N, 55.944561046094464. -3.187721039829686, 862.0580405271705, 1195.1564182441095
73,
55.944561046094464, -3.187721039829686, SSW, 55.94428388223471. -3.1878358448593955, 862.0580405271705, 1193.9064182441095
72,
55.94428388223471, -3.1878358448593955, S, 55.943983882234704. -3.1878358448593955, 862.0580405271705, 1192.6564182441095
71,
55.943983882234704, -3.1878358448593955, NW, 55.94419601426906. -3.1880479768937513, 862.0580405271705, 1191.4064182441095
70,
55.94419601426906, -3.1880479768937513, W, 55.94419601426906. -3.1883479768937515, 872.4160499069972, 1266.8443380245117
69,
55.94419601426906, -3.1883479768937515, NE, 55.94440814630342. -3.1881358448593957, 872.4160499069972, 1265.5943380245117
68,
55.94440814630342, -3.1881358448593957, SSE, 55.94413098244366. -3.188021039829686, 872.4160499069972, 1264.3443380245117
67,
55.94413098244366, -3.188021039829686, ESE, 55.94401617741395. -3.187743875969933, 872.4160499069972, 1263.0943380245117
66,
55.94401617741395, -3.187743875969933, SE, 55.94380404537959. -3.187531743935577, 872.4160499069972, 1261.8443380245117
65,
55.94380404537959, -3.187531743935577, NW, 55.94401617741395. -3.187743875969933, 872.4160499069972, 1260.5943380245117
64,
55.94401617741395, -3.187743875969933, ENE, 55.94413098244366. -3.1874667121101794, 872.4160499069972, 1259.3443380245117
63,
55.94413098244366, -3.1874667121101794, NW, 55.944343114478016. -3.187678844144535, 872.4160499069972, 1258.0943380245117
62,
55.944343114478016, -3.187678844144535, WSW, 55.944228309448306. -3.1879560080042886, 872.4160499069972, 1256.8443380245117
61,
55.944228309448306, -3.1879560080042886, WNW, 55.944343114478016. -3.188233171864042, 872.4160499069972, 1255.5943380245117
60,
55.944343114478016, -3.188233171864042, ENE, 55.94445791950773. -3.1879560080042886, 872.4160499069972, 1254.3443380245117
59,
55.94445791950773, -3.1879560080042886, WNW, 55.94457272453744. -3.188233171864042, 872.4160499069972, 1253.0943380245117
58,
55.94457272453744, -3.188233171864042, WSW, 55.94445791950773. -3.1885103357237954, 872.4160499069972, 1251.8443380245117
57,
55.94445791950773, -3.1885103357237954, SW, 55.94424578747337. -3.188722467758151, 872.4160499069972, 1250.5943380245117
56,
55.94424578747337, -3.188722467758151, WSW, 55.94413098244366. -3.1889996316179046, 872.4160499069972, 1249.3443380245117
55,
55.94413098244366, -3.1889996316179046, NNE, 55.94440814630342. -3.188884826588195, 872.4160499069972, 1248.0943380245117
54,
55.94440814630342, -3.188884826588195, WSW, 55.944293341273706. -3.1891619904479485, 872.4160499069972, 1246.8443380245117
53,
55.944293341273706, -3.1891619904479485, SE, 55.94408120923935. -3.1889498584135927, 872.4160499069972, 1245.5943380245117
52,
55.94408120923935, -3.1889498584135927, SW, 55.943869077204994. -3.1891619904479485, 872.4160499069972, 1244.3443380245117
51,
55.943869077204994, -3.1891619904479485, NNE, 55.94414624106475. -3.189047185418239, 872.4160499069972, 1243.0943380245117
50,
55.94414624106475, -3.189047185418239, NNE, 55.94442340492451. -3.1889323803885294, 872.4160499069972, 1241.8443380245117
49,
55.94442340492451, -3.1889323803885294, N, 55.94472340492451. -3.1889323803885294, 872.4160499069972, 1240.5943380245117
48,
55.94472340492451, -3.1889323803885294, NNW, 55.945000568784266. -3.189047185418239, 872.4160499069972, 1239.3443380245117
47,
55.945000568784266, -3.189047185418239, NNW, 55.94527773264402. -3.1891619904479485, 872.4160499069972, 1238.0943380245117
46,
55.94527773264402, -3.1891619904479485, WSW, 55.94516292761431. -3.189439154307702, 872.4160499069972, 1236.8443380245117
45,
55.94516292761431, -3.189439154307702, SSW, 55.944885763754556. -3.1895539593374114, 872.4160499069972, 1235.5943380245117
44,
55.944885763754556, -3.1895539593374114, NNE, 55.94516292761431. -3.189439154307702, 872.4160499069972, 1234.3443380245117
43,
55.94516292761431, -3.189439154307702, ENE, 55.94527773264402. -3.1891619904479485, 872.4160499069972, 1233.0943380245117
42,
55.94527773264402, -3.1891619904479485, E, 55.94527773264402. -3.1888619904479483, 872.4160499069972, 1231.8443380245117
41,
55.94527773264402, -3.1888619904479483, WNW, 55.94539253767373. -3.1891391543077017, 872.4160499069972, 1230.5943380245117
40,
55.94539253767373, -3.1891391543077017, ENE, 55.94550734270344. -3.1888619904479483, 872.4160499069972, 1229.3443380245117
39,
55.94550734270344, -3.1888619904479483, NNE, 55.9457845065632. -3.1887471854182388, 872.4160499069972, 1228.0943380245117
38,
55.9457845065632, -3.1887471854182388, S, 55.9454845065632. -3.1887471854182388, 872.4160499069972, 1226.8443380245117
37,
55.9454845065632, -3.1887471854182388, SW, 55.94527237452884. -3.1889593174525945, 872.4160499069972, 1225.5943380245117
36,
55.94527237452884, -3.1889593174525945, NE, 55.9454845065632. -3.1887471854182388, 872.4160499069972, 1224.3443380245117
35,
55.9454845065632, -3.1887471854182388, WNW, 55.94559931159291. -3.189024349277992, 872.4160499069972, 1223.0943380245117
34,
55.94559931159291, -3.189024349277992, W, 55.94559931159291. -3.1893243492779924, 872.4160499069972, 1221.8443380245117
33,
55.94559931159291, -3.1893243492779924, NNW, 55.945876475452664. -3.189439154307702, 872.4160499069972, 1220.5943380245117
32,
55.945876475452664, -3.189439154307702, NNE, 55.94615363931242. -3.1893243492779924, 872.4160499069972, 1219.3443380245117
31,
55.94615363931242, -3.1893243492779924, SSE, 55.945876475452664. -3.189209544248283, 872.4160499069972, 1218.0943380245117
30,
55.945876475452664, -3.189209544248283, W, 55.945876475452664. -3.189509544248283, 872.4160499069972, 1216.8443380245117
29,
55.945876475452664, -3.189509544248283, SW, 55.94566434341831. -3.189721676282639, 872.4160499069972, 1215.5943380245117
28,
55.94566434341831, -3.189721676282639, SE, 55.94545221138395. -3.189509544248283, 872.4160499069972, 1214.3443380245117
27,
55.94545221138395, -3.189509544248283, SE, 55.945240079349595. -3.1892974122139273, 872.4160499069972, 1213.0943380245117
26,
55.945240079349595, -3.1892974122139273, SSE, 55.94496291548984. -3.1891826071842178, 872.4160499069972, 1211.8443380245117
25,
55.94496291548984, -3.1891826071842178, S, 55.944662915489836. -3.1891826071842178, 872.4160499069972, 1210.5943380245117
24,
55.944662915489836, -3.1891826071842178, NNE, 55.94494007934959. -3.1890678021545082, 872.4160499069972, 1209.3443380245117
23,
55.94494007934959, -3.1890678021545082, N, 55.945240079349595. -3.1890678021545082, 872.4160499069972, 1208.0943380245117
22,
55.945240079349595, -3.1890678021545082, W, 55.945240079349595. -3.1893678021545084, 872.4160499069972, 1206.8443380245117
21,
55.945240079349595, -3.1893678021545084, NW, 55.94545221138395. -3.189579934188864, 872.4160499069972, 1205.5943380245117
20,
55.94545221138395, -3.189579934188864, WNW, 55.94556701641366. -3.1898570980486176, 872.4160499069972, 1204.3443380245117
19,
55.94556701641366, -3.1898570980486176, NE, 55.94577914844802. -3.189644966014262, 872.4160499069972, 1203.0943380245117
18,
55.94577914844802, -3.189644966014262, SSE, 55.94550198458826. -3.1895301609845523, 872.4160499069972, 1201.8443380245117
17,
55.94550198458826, -3.1895301609845523, E, 55.94550198458826. -3.189230160984552, 872.4160499069972, 1200.5943380245117
16,
55.94550198458826, -3.189230160984552, WSW, 55.94538717955855. -3.1895073248443055, 872.4160499069972, 1199.3443380245117
15,
55.94538717955855, -3.1895073248443055, WSW, 55.94527237452884. -3.189784488704059, 872.4160499069972, 1198.0943380245117
14,
55.94527237452884, -3.189784488704059, NE, 55.9454845065632. -3.189572356669703, 872.4160499069972, 1196.8443380245117
13,
55.9454845065632, -3.189572356669703, S, 55.945184506563194. -3.189572356669703, 872.4160499069972, 1195.5943380245117
12,
55.945184506563194, -3.189572356669703, SSW, 55.94490734270344. -3.1896871616994127, 872.4160499069972, 1194.3443380245117
11,
55.94490734270344, -3.1896871616994127, NE, 55.945119474737794. -3.189475029665057, 872.4160499069972, 1193.0943380245117
10,
55.945119474737794, -3.189475029665057, W, 55.945119474737794. -3.189775029665057, 872.4160499069972, 1191.8443380245117
9,
55.945119474737794, -3.189775029665057, ESE, 55.945004669708084. -3.1894978658053037, 872.4160499069972, 1190.5943380245117
8,
55.945004669708084, -3.1894978658053037, SE, 55.94479253767373. -3.189285733770948, 872.4160499069972, 1189.3443380245117
7,
55.94479253767373, -3.189285733770948, NNW, 55.945069701533484. -3.1894005388006574, 872.4160499069972, 1188.0943380245117
6,
55.945069701533484, -3.1894005388006574, NNE, 55.94534686539324. -3.189285733770948, 872.4160499069972, 1186.8443380245117
5,
55.94534686539324, -3.189285733770948, NNE, 55.945624029253. -3.1891709287412384, 872.4160499069972, 1185.5943380245117
4,
55.945624029253, -3.1891709287412384, NNW, 55.94590119311275. -3.189285733770948, 872.4160499069972, 1184.3443380245117
3,
55.94590119311275, -3.189285733770948, W, 55.94590119311275. -3.189585733770948, 872.4160499069972, 1183.0943380245117
2,
55.94590119311275, -3.189585733770948, WSW, 55.94578638808304. -3.1898628976307015, 872.4160499069972, 1181.8443380245117
1,

