55.944425,-3.188396,ESE,55.94431019497029,-3.1881188361402466,100.59826446615598,362.3375503080879
55.94431019497029,-3.1881188361402466,SW,55.944098062935936,-3.1883309681746024,100.59826446615598,361.0875503080879
55.944098062935936,-3.1883309681746024,WSW,55.943983257906226,-3.188608132034356,100.59826446615598,359.8375503080879
55.943983257906226,-3.188608132034356,SW,55.94377112587187,-3.1888202640687116,153.07195483481564,445.0561349971159
55.94377112587187,-3.1888202640687116,SSE,55.94349396201211,-3.188705459039002,177.46148114442065,447.50706984923795
55.94349396201211,-3.188705459039002,WSW,55.9433791569824,-3.1889826228987554,177.46148114442065,446.25706984923795
55.9433791569824,-3.1889826228987554,WSW,55.94326435195269,-3.189259786758509,253.12114330712896,478.35391839827304
55.94326435195269,-3.189259786758509,NW,55.94347648398705,-3.1894719187928646,253.12114330712896,477.10391839827304
55.94347648398705,-3.1894719187928646,NW,55.943688616021404,-3.1896840508272204,253.12114330712896,475.85391839827304
55.943688616021404,-3.1896840508272204,NNW,55.94396577988116,-3.18979885585693,274.1605840172356,577.9037320625688
55.94396577988116,-3.18979885585693,N,55.944265779881164,-3.18979885585693,309.5595594378765,581.4769057556457
55.944265779881164,-3.18979885585693,WNW,55.944380584910874,-3.1900760197166833,309.5595594378765,580.2269057556457
55.944380584910874,-3.1900760197166833,W,55.944380584910874,-3.1903760197166835,309.5595594378765,578.9769057556457
55.944380584910874,-3.1903760197166835,W,55.944380584910874,-3.1906760197166837,309.5595594378765,577.7269057556457
55.944380584910874,-3.1906760197166837,W,55.944380584910874,-3.190976019716684,329.53030110493927,616.5464221561223
55.944380584910874,-3.190976019716684,NNW,55.94465774877063,-3.1910908247463934,336.5495173518391,736.8911190198139
55.94465774877063,-3.1910908247463934,SSE,55.944380584910874,-3.190976019716684,336.5495173518391,735.6411190198139
55.944380584910874,-3.190976019716684,SSW,55.94410342105112,-3.1910908247463934,399.1664898936343,778.3599246779655
55.94410342105112,-3.1910908247463934,WSW,55.94398861602141,-3.191367988606147,452.8032083174142,839.5719793076073
55.94398861602141,-3.191367988606147,SSE,55.94371145216165,-3.1912531835764373,573.5964320747573,935.334561864421
55.94371145216165,-3.1912531835764373,SSW,55.943434288301894,-3.191367988606147,583.9382012248639,1054.6222397994686
55.943434288301894,-3.191367988606147,SSW,55.94315712444214,-3.1914827936358563,583.9382012248639,1053.3722397994686
55.94315712444214,-3.1914827936358563,SW,55.94294499240778,-3.191694925670212,583.9382012248639,1052.1222397994686
55.94294499240778,-3.191694925670212,SSW,55.942667828548025,-3.1918097306999216,613.0536601984293,1075.2613541278965
55.942667828548025,-3.1918097306999216,E,55.942667828548025,-3.1915097306999214,613.0536601984293,1074.0113541278965
55.942667828548025,-3.1915097306999214,E,55.942667828548025,-3.191209730699921,613.0536601984293,1072.7613541278965
55.942667828548025,-3.191209730699921,E,55.942667828548025,-3.190909730699921,613.0536601984293,1071.5113541278965
55.942667828548025,-3.190909730699921,ENE,55.942782633577735,-3.1906325668401676,613.0536601984293,1070.2613541278965
55.942782633577735,-3.1906325668401676,NNE,55.94305979743749,-3.190517761810458,613.0536601984293,1069.0113541278965
55.94305979743749,-3.190517761810458,ENE,55.9431746024672,-3.1902405979507047,613.0536601984293,1067.7613541278965
55.9431746024672,-3.1902405979507047,SE,55.942962470432846,-3.190028465916349,689.2209971345665,1092.2764762363022
55.942962470432846,-3.190028465916349,E,55.942962470432846,-3.1897284659163487,689.2209971345665,1091.0264762363022
55.942962470432846,-3.1897284659163487,E,55.942962470432846,-3.1894284659163485,689.2209971345665,1089.7764762363022
55.942962470432846,-3.1894284659163485,E,55.942962470432846,-3.1891284659163484,689.2209971345665,1088.5264762363022
55.942962470432846,-3.1891284659163484,NNE,55.9432396342926,-3.189013660886639,689.2209971345665,1087.2764762363022
55.9432396342926,-3.189013660886639,ENE,55.94335443932231,-3.1887364970268854,689.2209971345665,1086.0264762363022
55.94335443932231,-3.1887364970268854,N,55.943654439322316,-3.1887364970268854,689.2209971345665,1084.7764762363022
55.943654439322316,-3.1887364970268854,N,55.94395443932232,-3.1887364970268854,689.2209971345665,1083.5264762363022
55.94395443932232,-3.1887364970268854,N,55.94425443932232,-3.1887364970268854,689.2209971345665,1082.2764762363022
55.94425443932232,-3.1887364970268854,N,55.944554439322324,-3.1887364970268854,689.2209971345665,1081.0264762363022
55.944554439322324,-3.1887364970268854,NNW,55.94483160318208,-3.188851302056595,689.2209971345665,1079.7764762363022
55.94483160318208,-3.188851302056595,N,55.945131603182084,-3.188851302056595,768.3803657419304,1079.6045672317537
55.945131603182084,-3.188851302056595,WNW,55.945246408211794,-3.1891284659163484,768.3803657419304,1078.3545672317537
55.945246408211794,-3.1891284659163484,WNW,55.945361213241505,-3.1894056297761018,861.9111073696137,1143.3881502198058
55.945361213241505,-3.1894056297761018,NW,55.94557334527586,-3.1896177618104575,916.3746589246281,1206.2583360478243
55.94557334527586,-3.1896177618104575,NNW,55.94585050913562,-3.189732566840167,916.3746589246281,1205.0083360478243
55.94585050913562,-3.189732566840167,NNW,55.946127672995374,-3.1898473718698765,972.4241079253234,1204.54314931989
55.946127672995374,-3.1898473718698765,E,55.946127672995374,-3.1895473718698764,972.4241079253234,1203.29314931989
55.946127672995374,-3.1895473718698764,E,55.946127672995374,-3.189247371869876,972.4241079253234,1202.04314931989
55.946127672995374,-3.189247371869876,E,55.946127672995374,-3.188947371869876,982.343374542284,1225.4501610977104
55.946127672995374,-3.188947371869876,SE,55.94591554096102,-3.18873523983552,982.343374542284,1224.2001610977104
55.94591554096102,-3.18873523983552,SE,55.94570340892666,-3.1885231078011644,982.343374542284,1222.9501610977104
55.94570340892666,-3.1885231078011644,SE,55.945491276892305,-3.1883109757668087,982.343374542284,1221.7001610977104
55.945491276892305,-3.1883109757668087,SE,55.94527914485795,-3.188098843732453,1086.623495582315,1241.2766106137612
55.94527914485795,-3.188098843732453,E,55.94527914485795,-3.1877988437324527,1086.623495582315,1240.0266106137612
55.94527914485795,-3.1877988437324527,E,55.94527914485795,-3.1874988437324525,1086.623495582315,1238.7766106137612
55.94527914485795,-3.1874988437324525,E,55.94527914485795,-3.1871988437324523,1194.2781155284085,1352.1286310103708
55.94527914485795,-3.1871988437324523,S,55.944979144857946,-3.1871988437324523,1211.511731056285,1465.9733287108618
55.944979144857946,-3.1871988437324523,NNE,55.9452563087177,-3.187084038702743,1211.511731056285,1464.7233287108618
55.9452563087177,-3.187084038702743,NNE,55.94553347257746,-3.1869692336730333,1211.511731056285,1463.4733287108618
55.94553347257746,-3.1869692336730333,N,55.94583347257746,-3.1869692336730333,1334.8000164052362,1535.1116990930584
55.94583347257746,-3.1869692336730333,ENE,55.94594827760717,-3.18669206981328,1420.2221898227501,1597.3739550374487
55.94594827760717,-3.18669206981328,NW,55.94616040964153,-3.1869042018476357,1508.9606243697144,1697.5940805200598
55.94616040964153,-3.1869042018476357,ESE,55.94604560461182,-3.1866270379878823,1508.9606243697144,1696.3440805200598
55.94604560461182,-3.1866270379878823,ESE,55.94593079958211,-3.186349874128129,1508.9606243697144,1695.0940805200598
55.94593079958211,-3.186349874128129,ESE,55.9458159945524,-3.1860727102683755,1508.9606243697144,1693.8440805200598
55.9458159945524,-3.1860727102683755,SE,55.94560386251804,-3.1858605782340197,1508.9606243697144,1692.5940805200598
55.94560386251804,-3.1858605782340197,ESE,55.94548905748833,-3.1855834143742663,1508.9606243697144,1691.3440805200598
55.94548905748833,-3.1855834143742663,SSW,55.945211893628574,-3.185698219403976,1508.9606243697144,1690.0940805200598
55.945211893628574,-3.185698219403976,SW,55.94499976159422,-3.1859103514383316,1508.9606243697144,1688.8440805200598
55.94499976159422,-3.1859103514383316,SSW,55.94472259773446,-3.186025156468041,1508.9606243697144,1687.5940805200598
55.94472259773446,-3.186025156468041,SW,55.944510465700105,-3.186237288502397,1508.9606243697144,1686.3440805200598
55.944510465700105,-3.186237288502397,SSE,55.94423330184035,-3.1861224834726873,1508.9606243697144,1685.0940805200598
55.94423330184035,-3.1861224834726873,SSW,55.94395613798059,-3.186237288502397,1508.9606243697144,1683.8440805200598
55.94395613798059,-3.186237288502397,SW,55.943744005946236,-3.1864494205367526,1534.4250073688995,1790.9185015068513
55.943744005946236,-3.1864494205367526,S,55.94344400594623,-3.1864494205367526,1534.4250073688995,1789.6685015068513
55.94344400594623,-3.1864494205367526,SSE,55.94316684208648,-3.186334615507043,1534.4250073688995,1788.4185015068513
55.94316684208648,-3.186334615507043,S,55.942866842086474,-3.186334615507043,1595.9475683088285,1905.2621271987546
55.942866842086474,-3.186334615507043,ESE,55.94275203705676,-3.1860574516472897,1613.420933936402,2021.626761898584
55.94275203705676,-3.1860574516472897,ENE,55.942866842086474,-3.1857802877875363,1706.7342805676537,2030.81957272011
55.942866842086474,-3.1857802877875363,ENE,55.942981647116184,-3.185503123927783,1706.7342805676537,2029.56957272011
55.942981647116184,-3.185503123927783,ENE,55.943096452145895,-3.1852259600680295,1706.7342805676537,2028.31957272011
55.943096452145895,-3.1852259600680295,NE,55.94330858418025,-3.1850138280336737,1814.6717221598929,2139.5159855776596
55.94330858418025,-3.1850138280336737,NE,55.94352071621461,-3.184801695999318,1887.023062309787,2205.4116184833506
55.94352071621461,-3.184801695999318,NE,55.94373284824896,-3.184589563964962,1920.7016603773661,2327.8898242879536
55.94373284824896,-3.184589563964962,S,55.94343284824896,-3.184589563964962,1952.3974319913277,2400.5168074565127
55.94343284824896,-3.184589563964962,SSW,55.943155684389204,-3.1847043689946717,1998.5939625122596,2401.225290909048
55.943155684389204,-3.1847043689946717,W,55.943155684389204,-3.185004368994672,1998.5939625122596,2399.975290909048
55.943155684389204,-3.185004368994672,W,55.943155684389204,-3.185304368994672,1998.5939625122596,2398.725290909048
55.943155684389204,-3.185304368994672,WNW,55.943270489418914,-3.1855815328544255,1998.5939625122596,2397.475290909048
55.943270489418914,-3.1855815328544255,W,55.943270489418914,-3.1858815328544257,1998.5939625122596,2396.225290909048
55.943270489418914,-3.1858815328544257,WNW,55.943385294448625,-3.186158696714179,1998.5939625122596,2394.975290909048
55.943385294448625,-3.186158696714179,SW,55.94317316241427,-3.186370828748535,1998.5939625122596,2393.725290909048
55.94317316241427,-3.186370828748535,W,55.94317316241427,-3.186670828748535,1998.5939625122596,2392.475290909048
55.94317316241427,-3.186670828748535,WNW,55.94328796744398,-3.1869479926082884,1998.5939625122596,2391.225290909048
55.94328796744398,-3.1869479926082884,W,55.94328796744398,-3.1872479926082886,1998.5939625122596,2389.975290909048
55.94328796744398,-3.1872479926082886,WNW,55.94340277247369,-3.187525156468042,1998.5939625122596,2388.725290909048
55.94340277247369,-3.187525156468042,W,55.94340277247369,-3.187825156468042,1998.5939625122596,2387.475290909048
55.94340277247369,-3.187825156468042,E,55.94340277247369,-3.187525156468042,1998.5939625122596,2386.225290909048
55.94340277247369,-3.187525156468042,W,55.94340277247369,-3.187825156468042,2091.996633528598,2471.7304851293143
55.94340277247369,-3.187825156468042,ENE,55.9435175775034,-3.187547992608289,2091.996633528598,2470.4804851293143
55.9435175775034,-3.187547992608289,NNE,55.943794741363156,-3.1874331875785793,2091.996633528598,2469.2304851293143
55.943794741363156,-3.1874331875785793,SE,55.9435826093288,-3.1872210555442235,2091.996633528598,2467.9804851293143
55.9435826093288,-3.1872210555442235,ENE,55.94369741435851,-3.18694389168447,2091.996633528598,2466.7304851293143
55.94369741435851,-3.18694389168447,NE,55.94390954639287,-3.1867317596501143,2197.523074201976,2581.5995992959497
55.94390954639287,-3.1867317596501143,ENE,55.94402435142258,-3.186454595790361,2197.523074201976,2580.3495992959497
55.94402435142258,-3.186454595790361,WSW,55.94390954639287,-3.1867317596501143,2197.523074201976,2579.0995992959497
55.94390954639287,-3.1867317596501143,N,55.94420954639287,-3.1867317596501143,2197.523074201976,2577.8495992959497
55.94420954639287,-3.1867317596501143,ENE,55.94432435142258,-3.186454595790361,2197.523074201976,2576.5995992959497
55.94432435142258,-3.186454595790361,NNW,55.944601515282336,-3.1865694008200705,2197.523074201976,2575.3495992959497
55.944601515282336,-3.1865694008200705,ENE,55.94471632031205,-3.186292236960317,2197.523074201976,2574.0995992959497
55.94471632031205,-3.186292236960317,ENE,55.94483112534176,-3.1860150731005636,2197.523074201976,2572.8495992959497
55.94483112534176,-3.1860150731005636,NE,55.94504325737611,-3.185802941066208,2197.523074201976,2571.5995992959497
55.94504325737611,-3.185802941066208,E,55.94504325737611,-3.1855029410662077,2197.523074201976,2570.3495992959497
55.94504325737611,-3.1855029410662077,E,55.94504325737611,-3.1852029410662075,2322.220626700069,2631.895861710557
55.94504325737611,-3.1852029410662075,E,55.94504325737611,-3.1849029410662073,2322.220626700069,2630.645861710557
55.94504325737611,-3.1849029410662073,W,55.94504325737611,-3.1852029410662075,2322.220626700069,2629.395861710557
55.94504325737611,-3.1852029410662075,E,55.94504325737611,-3.1849029410662073,2322.220626700069,2628.145861710557
55.94504325737611,-3.1849029410662073,W,55.94504325737611,-3.1852029410662075,2322.220626700069,2626.895861710557
55.94504325737611,-3.1852029410662075,SW,55.94483112534176,-3.1854150731005633,2322.220626700069,2625.645861710557
55.94483112534176,-3.1854150731005633,SE,55.9446189933074,-3.1852029410662075,2322.220626700069,2624.395861710557
55.9446189933074,-3.1852029410662075,ENE,55.94473379833711,-3.184925777206454,2322.220626700069,2623.145861710557
55.94473379833711,-3.184925777206454,W,55.94473379833711,-3.1852257772064543,2322.220626700069,2621.895861710557
55.94473379833711,-3.1852257772064543,W,55.94473379833711,-3.1855257772064545,2322.220626700069,2620.645861710557
55.94473379833711,-3.1855257772064545,W,55.94473379833711,-3.1858257772064547,2322.220626700069,2619.395861710557
55.94473379833711,-3.1858257772064547,W,55.94473379833711,-3.186125777206455,2322.220626700069,2618.145861710557
55.94473379833711,-3.186125777206455,SSW,55.944456634477355,-3.1862405822361644,2322.220626700069,2616.895861710557
55.944456634477355,-3.1862405822361644,SSW,55.9441794706176,-3.186355387265874,2322.220626700069,2615.645861710557
55.9441794706176,-3.186355387265874,W,55.9441794706176,-3.186655387265874,2322.220626700069,2614.395861710557
55.9441794706176,-3.186655387265874,W,55.9441794706176,-3.1869553872658742,2322.220626700069,2613.145861710557
55.9441794706176,-3.1869553872658742,W,55.9441794706176,-3.1872553872658744,2322.220626700069,2611.895861710557
55.9441794706176,-3.1872553872658744,W,55.9441794706176,-3.1875553872658746,2322.220626700069,2610.645861710557
55.9441794706176,-3.1875553872658746,ESE,55.94406466558789,-3.187278223406121,2322.220626700069,2609.395861710557
55.94406466558789,-3.187278223406121,SE,55.94385253355353,-3.1870660913717654,2322.220626700069,2608.145861710557
55.94385253355353,-3.1870660913717654,W,55.94385253355353,-3.1873660913717656,2322.220626700069,2606.895861710557
55.94385253355353,-3.1873660913717656,W,55.94385253355353,-3.187666091371766,2322.220626700069,2605.645861710557
55.94385253355353,-3.187666091371766,W,55.94385253355353,-3.187966091371766,2322.220626700069,2604.395861710557
55.94385253355353,-3.187966091371766,W,55.94385253355353,-3.188266091371766,2322.220626700069,2603.145861710557
55.94385253355353,-3.188266091371766,W,55.94385253355353,-3.1885660913717664,2322.220626700069,2601.895861710557
55.94385253355353,-3.1885660913717664,S,55.94355253355353,-3.1885660913717664,2322.220626700069,2600.645861710557
55.94355253355353,-3.1885660913717664,WNW,55.94366733858324,-3.18884325523152,2322.220626700069,2599.395861710557
55.94366733858324,-3.18884325523152,WNW,55.94378214361295,-3.189120419091273,2322.220626700069,2598.145861710557
55.94378214361295,-3.189120419091273,WNW,55.94389694864266,-3.1893975829510266,2322.220626700069,2596.895861710557
55.94389694864266,-3.1893975829510266,WNW,55.94401175367237,-3.18967474681078,2322.220626700069,2595.645861710557
55.94401175367237,-3.18967474681078,NNW,55.94428891753213,-3.1897895518404895,2322.220626700069,2594.395861710557
55.94428891753213,-3.1897895518404895,NNE,55.94456608139188,-3.18967474681078,2322.220626700069,2593.145861710557
55.94456608139188,-3.18967474681078,W,55.94456608139188,-3.18997474681078,2322.220626700069,2591.895861710557
55.94456608139188,-3.18997474681078,W,55.94456608139188,-3.1902747468107804,2322.220626700069,2590.645861710557
55.94456608139188,-3.1902747468107804,W,55.94456608139188,-3.1905747468107806,2322.220626700069,2589.395861710557
55.94456608139188,-3.1905747468107806,W,55.94456608139188,-3.1908747468107808,2322.220626700069,2588.145861710557
55.94456608139188,-3.1908747468107808,WNW,55.944680886421594,-3.191151910670534,2322.220626700069,2586.895861710557
55.944680886421594,-3.191151910670534,ENE,55.944795691451304,-3.1908747468107808,2322.220626700069,2585.645861710557
55.944795691451304,-3.1908747468107808,W,55.944795691451304,-3.191174746810781,2322.220626700069,2584.395861710557
55.944795691451304,-3.191174746810781,WSW,55.944680886421594,-3.1914519106705344,2322.220626700069,2583.145861710557
55.944680886421594,-3.1914519106705344,W,55.944680886421594,-3.1917519106705345,2322.220626700069,2581.895861710557
55.944680886421594,-3.1917519106705345,WSW,55.94456608139188,-3.192029074530288,2322.220626700069,2580.645861710557
55.94456608139188,-3.192029074530288,W,55.94456608139188,-3.192329074530288,2408.5075958755915,2664.176368744925
55.94456608139188,-3.192329074530288,SE,55.94435394935753,-3.1921169424959324,2408.5075958755915,2662.926368744925
55.94435394935753,-3.1921169424959324,NW,55.94456608139188,-3.192329074530288,2408.5075958755915,2661.676368744925
55.94456608139188,-3.192329074530288,SE,55.94435394935753,-3.1921169424959324,2408.5075958755915,2660.426368744925
55.94435394935753,-3.1921169424959324,NW,55.94456608139188,-3.192329074530288,2408.5075958755915,2659.176368744925
55.94456608139188,-3.192329074530288,NE,55.94477821342624,-3.1921169424959324,2408.5075958755915,2657.926368744925
55.94477821342624,-3.1921169424959324,WSW,55.94466340839653,-3.1923941063556858,2421.2181191722943,2776.8886446135557
55.94466340839653,-3.1923941063556858,SE,55.94445127636217,-3.19218197432133,2421.2181191722943,2775.6386446135557
55.94445127636217,-3.19218197432133,NW,55.94466340839653,-3.1923941063556858,2421.2181191722943,2774.3886446135557
55.94466340839653,-3.1923941063556858,SE,55.94445127636217,-3.19218197432133,2421.2181191722943,2773.1386446135557
55.94445127636217,-3.19218197432133,NW,55.94466340839653,-3.1923941063556858,2421.2181191722943,2771.8886446135557
55.94466340839653,-3.1923941063556858,SE,55.94445127636217,-3.19218197432133,2421.2181191722943,2770.6386446135557
55.94445127636217,-3.19218197432133,NW,55.94466340839653,-3.1923941063556858,2421.2181191722943,2769.3886446135557
55.94466340839653,-3.1923941063556858,SE,55.94445127636217,-3.19218197432133,2421.2181191722943,2768.1386446135557
55.94445127636217,-3.19218197432133,NW,55.94466340839653,-3.1923941063556858,2421.2181191722943,2766.8886446135557
55.94466340839653,-3.1923941063556858,SE,55.94445127636217,-3.19218197432133,2421.2181191722943,2765.6386446135557
55.94445127636217,-3.19218197432133,NW,55.94466340839653,-3.1923941063556858,2421.2181191722943,2764.3886446135557
55.94466340839653,-3.1923941063556858,S,55.944363408396526,-3.1923941063556858,2422.6547723358203,2855.416104662121
55.944363408396526,-3.1923941063556858,ENE,55.94447821342624,-3.1921169424959324,2422.6547723358203,2854.166104662121
55.94447821342624,-3.1921169424959324,W,55.94447821342624,-3.1924169424959326,2422.6547723358203,2852.916104662121
55.94447821342624,-3.1924169424959326,ENE,55.94459301845595,-3.192139778636179,2422.6547723358203,2851.666104662121
55.94459301845595,-3.192139778636179,SE,55.94438088642159,-3.1919276466018234,2422.6547723358203,2850.416104662121
55.94438088642159,-3.1919276466018234,W,55.94438088642159,-3.1922276466018236,2422.6547723358203,2849.166104662121
55.94438088642159,-3.1922276466018236,NE,55.94459301845595,-3.192015514567468,2422.6547723358203,2847.916104662121
55.94459301845595,-3.192015514567468,SSW,55.94431585459619,-3.1921303195971773,2422.6547723358203,2846.666104662121
55.94431585459619,-3.1921303195971773,S,55.94401585459619,-3.1921303195971773,2422.6547723358203,2845.416104662121
55.94401585459619,-3.1921303195971773,N,55.94431585459619,-3.1921303195971773,2422.6547723358203,2844.166104662121
55.94431585459619,-3.1921303195971773,E,55.94431585459619,-3.191830319597177,2422.6547723358203,2842.916104662121
55.94431585459619,-3.191830319597177,SSW,55.944038690736434,-3.1919451246268866,2422.6547723358203,2841.666104662121
55.944038690736434,-3.1919451246268866,W,55.944038690736434,-3.192245124626887,2422.6547723358203,2840.416104662121
55.944038690736434,-3.192245124626887,SSW,55.94376152687668,-3.1923599296565963,2422.6547723358203,2839.166104662121
55.94376152687668,-3.1923599296565963,ESE,55.94364672184697,-3.192082765796843,2422.6547723358203,2837.916104662121
55.94364672184697,-3.192082765796843,W,55.94364672184697,-3.192382765796843,2422.6547723358203,2836.666104662121
55.94364672184697,-3.192382765796843,N,55.94394672184697,-3.192382765796843,2422.6547723358203,2835.416104662121
55.94394672184697,-3.192382765796843,SSE,55.943669557987214,-3.1922679607671336,2422.6547723358203,2834.166104662121
55.943669557987214,-3.1922679607671336,NE,55.94388169002157,-3.192055828732778,2422.6547723358203,2832.916104662121
55.94388169002157,-3.192055828732778,N,55.94418169002157,-3.192055828732778,2422.6547723358203,2831.666104662121
55.94418169002157,-3.192055828732778,ESE,55.94406688499186,-3.1917786648730244,2422.6547723358203,2830.416104662121
55.94406688499186,-3.1917786648730244,NW,55.94427901702622,-3.19199079690738,2422.6547723358203,2829.166104662121
55.94427901702622,-3.19199079690738,NW,55.944491149060575,-3.192202928941736,2422.6547723358203,2827.916104662121
55.944491149060575,-3.192202928941736,N,55.94479114906058,-3.192202928941736,2422.6547723358203,2826.666104662121
55.94479114906058,-3.192202928941736,S,55.944491149060575,-3.192202928941736,2422.6547723358203,2825.416104662121
55.944491149060575,-3.192202928941736,SE,55.94427901702622,-3.19199079690738,2422.6547723358203,2824.166104662121
55.94427901702622,-3.19199079690738,SSE,55.94400185316646,-3.1918759918776707,2422.6547723358203,2822.916104662121
55.94400185316646,-3.1918759918776707,SW,55.943789721132106,-3.1920881239120265,2422.6547723358203,2821.666104662121
55.943789721132106,-3.1920881239120265,E,55.943789721132106,-3.1917881239120263,2422.6547723358203,2820.416104662121
55.943789721132106,-3.1917881239120263,E,55.943789721132106,-3.191488123912026,2422.6547723358203,2819.166104662121
55.943789721132106,-3.191488123912026,NNE,55.94406688499186,-3.1913733188823166,2422.6547723358203,2817.916104662121
55.94406688499186,-3.1913733188823166,S,55.94376688499186,-3.1913733188823166,2422.6547723358203,2816.666104662121
55.94376688499186,-3.1913733188823166,W,55.94376688499186,-3.1916733188823168,2422.6547723358203,2815.416104662121
55.94376688499186,-3.1916733188823168,SSW,55.9434897211321,-3.1917881239120263,2422.6547723358203,2814.166104662121
55.9434897211321,-3.1917881239120263,S,55.9431897211321,-3.1917881239120263,2422.6547723358203,2812.916104662121
55.9431897211321,-3.1917881239120263,NE,55.943401853166456,-3.1915759918776705,2422.6547723358203,2811.666104662121
55.943401853166456,-3.1915759918776705,E,55.943401853166456,-3.1912759918776703,2422.6547723358203,2810.416104662121
55.943401853166456,-3.1912759918776703,W,55.943401853166456,-3.1915759918776705,2422.6547723358203,2809.166104662121
55.943401853166456,-3.1915759918776705,E,55.943401853166456,-3.1912759918776703,2422.6547723358203,2807.916104662121
55.943401853166456,-3.1912759918776703,ESE,55.943287048136746,-3.190998828017917,2422.6547723358203,2806.666104662121
55.943287048136746,-3.190998828017917,WNW,55.943401853166456,-3.1912759918776703,2422.6547723358203,2805.416104662121
55.943401853166456,-3.1912759918776703,E,55.943401853166456,-3.19097599187767,2422.6547723358203,2804.166104662121
55.943401853166456,-3.19097599187767,SSW,55.9431246893067,-3.1910907969073796,2422.6547723358203,2802.916104662121
55.9431246893067,-3.1910907969073796,NNE,55.943401853166456,-3.19097599187767,2422.6547723358203,2801.666104662121
55.943401853166456,-3.19097599187767,NNW,55.94367901702621,-3.1910907969073796,2422.6547723358203,2800.416104662121
55.94367901702621,-3.1910907969073796,NNW,55.94395618088597,-3.191205601937089,2422.6547723358203,2799.166104662121
55.94395618088597,-3.191205601937089,SE,55.94374404885161,-3.1909934699027334,2422.6547723358203,2797.916104662121
55.94374404885161,-3.1909934699027334,WSW,55.9436292438219,-3.1912706337624868,2422.6547723358203,2796.666104662121
55.9436292438219,-3.1912706337624868,NNW,55.94390640768166,-3.1913854387921963,2422.6547723358203,2795.416104662121
55.94390640768166,-3.1913854387921963,SW,55.9436942756473,-3.191597570826552,2422.6547723358203,2794.166104662121
55.9436942756473,-3.191597570826552,W,55.9436942756473,-3.1918975708265522,2422.6547723358203,2792.916104662121
55.9436942756473,-3.1918975708265522,NNW,55.94397143950706,-3.1920123758562617,2422.6547723358203,2791.666104662121
55.94397143950706,-3.1920123758562617,WSW,55.94385663447735,-3.192289539716015,2422.6547723358203,2790.416104662121
55.94385663447735,-3.192289539716015,SSW,55.94357947061759,-3.1924043447457247,2422.6547723358203,2789.166104662121
55.94357947061759,-3.1924043447457247,SE,55.943367338583236,-3.192192212711369,2422.6547723358203,2787.916104662121
55.943367338583236,-3.192192212711369,E,55.943367338583236,-3.1918922127113687,2422.6547723358203,2786.666104662121
55.943367338583236,-3.1918922127113687,NNE,55.94364450244299,-3.191777407681659,2422.6547723358203,2785.416104662121
55.94364450244299,-3.191777407681659,ESE,55.94352969741328,-3.191500243821906,2422.6547723358203,2784.166104662121
55.94352969741328,-3.191500243821906,ENE,55.94364450244299,-3.1912230799621524,2422.6547723358203,2782.916104662121
55.94364450244299,-3.1912230799621524,SSE,55.943367338583236,-3.191108274932443,2422.6547723358203,2781.666104662121
55.943367338583236,-3.191108274932443,E,55.943367338583236,-3.1908082749324427,2422.6547723358203,2780.416104662121
55.943367338583236,-3.1908082749324427,WSW,55.943252533553526,-3.191085438792196,2422.6547723358203,2779.166104662121
55.943252533553526,-3.191085438792196,SE,55.94304040151917,-3.1908733067578403,2422.6547723358203,2777.916104662121
55.94304040151917,-3.1908733067578403,SSW,55.94276323765941,-3.19098811178755,2422.6547723358203,2776.666104662121
55.94276323765941,-3.19098811178755,E,55.94276323765941,-3.1906881117875496,2422.6547723358203,2775.416104662121
55.94276323765941,-3.1906881117875496,WNW,55.942878042689124,-3.190965275647303,2422.6547723358203,2774.166104662121
55.942878042689124,-3.190965275647303,NNW,55.94315520654888,-3.1910800806770125,2422.6547723358203,2772.916104662121
55.94315520654888,-3.1910800806770125,SE,55.942943074514524,-3.1908679486426568,2422.6547723358203,2771.666104662121
55.942943074514524,-3.1908679486426568,SSW,55.94266591065477,-3.1909827536723663,2422.6547723358203,2770.416104662121
55.94266591065477,-3.1909827536723663,E,55.94266591065477,-3.190682753672366,2422.6547723358203,2769.166104662121
55.94266591065477,-3.190682753672366,NNW,55.942943074514524,-3.1907975587020756,2422.6547723358203,2767.916104662121
55.942943074514524,-3.1907975587020756,S,55.94264307451452,-3.1907975587020756,2422.6547723358203,2766.666104662121
55.94264307451452,-3.1907975587020756,NW,55.94285520654888,-3.1910096907364314,2422.6547723358203,2765.416104662121
55.94285520654888,-3.1910096907364314,SW,55.94264307451452,-3.191221822770787,2422.6547723358203,2764.166104662121
55.94264307451452,-3.191221822770787,E,55.94264307451452,-3.190921822770787,2422.6547723358203,2762.916104662121
55.94264307451452,-3.190921822770787,WNW,55.94275787954423,-3.1911989866305404,2422.6547723358203,2761.666104662121
55.94275787954423,-3.1911989866305404,E,55.94275787954423,-3.19089898663054,2422.6547723358203,2760.416104662121