55.944425,-3.188396,SE,55.944212867965646,-3.1881838679656442,0.0,248.75
55.944212867965646,-3.1881838679656442,SSE,55.94393570410589,-3.1880690629359347,0.9608240825280251,260.3624963851346
55.94393570410589,-3.1880690629359347,WNW,55.9440505091356,-3.188346226795688,0.9608240825280251,259.1124963851346
55.9440505091356,-3.188346226795688,WNW,55.94416531416531,-3.1886233906554415,0.9608240825280251,257.8624963851346
55.94416531416531,-3.1886233906554415,W,55.94416531416531,-3.1889233906554417,78.56621861994574,312.88440005935854
55.94416531416531,-3.1889233906554417,WSW,55.9440505091356,-3.189200554515195,202.40314088642634,413.3796346147045
55.9440505091356,-3.189200554515195,WNW,55.94416531416531,-3.1894777183749485,202.40314088642634,412.1296346147045
55.94416531416531,-3.1894777183749485,WNW,55.94428011919502,-3.189754882234702,253.84625312204597,446.9130599746243
55.94428011919502,-3.189754882234702,WNW,55.94439492422473,-3.1900320460944553,366.7682709103199,541.40747773168
55.94439492422473,-3.1900320460944553,WSW,55.94428011919502,-3.1903092099542087,366.7682709103199,540.15747773168
55.94428011919502,-3.1903092099542087,SW,55.944067987160665,-3.1905213419885645,366.7682709103199,538.90747773168
55.944067987160665,-3.1905213419885645,WSW,55.943953182130954,-3.190798505848318,458.42828323443405,600.492806990019
55.943953182130954,-3.190798505848318,SSW,55.9436760182712,-3.1909133108780274,476.99838503835736,696.203785933898
55.9436760182712,-3.1909133108780274,SW,55.94346388623684,-3.191125442912383,476.99838503835736,694.953785933898
55.94346388623684,-3.191125442912383,WSW,55.94334908120713,-3.1914026067721366,577.7315410519661,817.505539218035
55.94334908120713,-3.1914026067721366,NW,55.94356121324149,-3.1916147388064924,577.7315410519661,816.255539218035
55.94356121324149,-3.1916147388064924,WNW,55.9436760182712,-3.191891902666246,618.5878976704463,820.3953199292675
55.9436760182712,-3.191891902666246,W,55.9436760182712,-3.192191902666246,712.4761434361848,834.3629212713433
55.9436760182712,-3.192191902666246,NNE,55.943953182130954,-3.1920770976365365,712.4761434361848,833.1129212713433
55.943953182130954,-3.1920770976365365,NNE,55.94423034599071,-3.191962292606827,824.1894817508062,954.5739281991031
55.94423034599071,-3.191962292606827,ENE,55.94434515102042,-3.1916851287470736,865.1252294753695,1070.991988654259
55.94434515102042,-3.1916851287470736,ESE,55.94423034599071,-3.19140796488732,979.5135070555772,1153.9676384068746
55.94423034599071,-3.19140796488732,NNE,55.94450750985047,-3.1912931598576106,979.5135070555772,1152.7176384068746
55.94450750985047,-3.1912931598576106,NNE,55.944784673710224,-3.191178354827901,1062.277227605175,1207.8641233455783
55.944784673710224,-3.191178354827901,NE,55.94499680574458,-3.1909662227935454,1062.277227605175,1206.6141233455783
55.94499680574458,-3.1909662227935454,NE,55.945208937778936,-3.1907540907591896,1104.936080549155,1220.8450752347344
55.945208937778936,-3.1907540907591896,E,55.945208937778936,-3.1904540907591894,1126.384930112139,1312.459098114413
55.945208937778936,-3.1904540907591894,WNW,55.94532374280865,-3.190731254618943,1126.384930112139,1311.209098114413
55.94532374280865,-3.190731254618943,NW,55.945535874843,-3.1909433866532986,1126.384930112139,1309.959098114413
55.945535874843,-3.1909433866532986,NW,55.94574800687736,-3.1911555186876543,1126.384930112139,1308.709098114413
55.94574800687736,-3.1911555186876543,WNW,55.94586281190707,-3.1914326825474078,1237.3042603066165,1318.5047474190526
55.94586281190707,-3.1914326825474078,W,55.94586281190707,-3.191732682547408,1237.3042603066165,1317.2547474190526
55.94586281190707,-3.191732682547408,WSW,55.94574800687736,-3.1920098464071613,1237.3042603066165,1316.0047474190526
55.94574800687736,-3.1920098464071613,W,55.94574800687736,-3.1923098464071615,1255.09362432159,1396.0997272581303
55.94574800687736,-3.1923098464071615,NNW,55.946025170737116,-3.192424651436871,1255.09362432159,1394.8497272581303
55.946025170737116,-3.192424651436871,SSE,55.94574800687736,-3.1923098464071615,1349.1222951708096,1404.503537745802
55.94574800687736,-3.1923098464071615,E,55.94574800687736,-3.1920098464071613,1349.1222951708096,1403.253537745802
55.94574800687736,-3.1920098464071613,E,55.94574800687736,-3.191709846407161,1349.1222951708096,1402.003537745802
55.94574800687736,-3.191709846407161,E,55.94574800687736,-3.191409846407161,1349.1222951708096,1400.753537745802
55.94574800687736,-3.191409846407161,E,55.94574800687736,-3.1911098464071608,1349.1222951708096,1399.503537745802
55.94574800687736,-3.1911098464071608,E,55.94574800687736,-3.1908098464071606,1349.1222951708096,1398.253537745802
55.94574800687736,-3.1908098464071606,ENE,55.94586281190707,-3.190532682547407,1349.1222951708096,1397.003537745802
55.94586281190707,-3.190532682547407,E,55.94586281190707,-3.190232682547407,1349.1222951708096,1395.753537745802
55.94586281190707,-3.190232682547407,ENE,55.94597761693678,-3.1899555186876536,1349.1222951708096,1394.503537745802
55.94597761693678,-3.1899555186876536,E,55.94597761693678,-3.1896555186876534,1349.1222951708096,1393.253537745802
55.94597761693678,-3.1896555186876534,ENE,55.94609242196649,-3.1893783548279,1387.5570939484298,1437.3450777543842
55.94609242196649,-3.1893783548279,SSE,55.945815258106734,-3.1892635497981905,1387.5570939484298,1436.0950777543842
55.945815258106734,-3.1892635497981905,ESE,55.94570045307702,-3.188986385938437,1387.5570939484298,1434.8450777543842
55.94570045307702,-3.188986385938437,SE,55.94548832104267,-3.1887742539040813,1470.8563655165265,1490.8963851695476
55.94548832104267,-3.1887742539040813,ENE,55.94560312607238,-3.188497090044328,1470.8563655165265,1489.6463851695476
55.94560312607238,-3.188497090044328,ENE,55.94571793110209,-3.1882199261845745,1470.8563655165265,1488.3963851695476
55.94571793110209,-3.1882199261845745,ENE,55.9458327361318,-3.187942762324821,1470.8563655165265,1487.1463851695476
55.9458327361318,-3.187942762324821,NE,55.946044868166155,-3.1877306302904653,1470.8563655165265,1485.8963851695476
55.946044868166155,-3.1877306302904653,ENE,55.946159673195865,-3.187453466430712,1565.0601185643,1592.6745961496053
55.946159673195865,-3.187453466430712,ESE,55.946044868166155,-3.1871763025709585,1580.5128680927098,1646.5382711903894
55.946044868166155,-3.1871763025709585,SE,55.9458327361318,-3.1869641705366027,1580.5128680927098,1645.2882711903894
55.9458327361318,-3.1869641705366027,SE,55.94562060409744,-3.186752038502247,1690.917588634398,1768.473879698565
55.94562060409744,-3.186752038502247,SSE,55.945343440237686,-3.1866372334725375,1690.917588634398,1767.223879698565
55.945343440237686,-3.1866372334725375,SSE,55.94506627637793,-3.186522428442828,1690.917588634398,1765.973879698565
55.94506627637793,-3.186522428442828,S,55.944766276377926,-3.186522428442828,1774.4879112933102,1789.4232544470324
55.944766276377926,-3.186522428442828,SE,55.94455414434357,-3.186310296408472,1774.4879112933102,1788.1732544470324
55.94455414434357,-3.186310296408472,SE,55.944342012309214,-3.1860981643741164,1774.4879112933102,1786.9232544470324
55.944342012309214,-3.1860981643741164,SE,55.94412988027486,-3.1858860323397606,1888.738560654555,1866.852210692957
55.94412988027486,-3.1858860323397606,ESE,55.94401507524515,-3.1856088684800072,1892.4983948748131,1883.6477286150464
55.94401507524515,-3.1856088684800072,SSE,55.94373791138539,-3.1854940634502977,1923.2123668672323,1967.4110581545228
55.94373791138539,-3.1854940634502977,SSW,55.943460747525634,-3.1856088684800072,1988.07656101583,2085.5178928177097
55.943460747525634,-3.1856088684800072,W,55.943460747525634,-3.1859088684800074,2080.606651942405,2203.453352739642
55.943460747525634,-3.1859088684800074,ESE,55.943345942495924,-3.185631704620254,2080.606651942405,2202.203352739642
55.943345942495924,-3.185631704620254,WNW,55.943460747525634,-3.1859088684800074,2126.5144783974038,2315.2783758902856
55.943460747525634,-3.1859088684800074,SW,55.94324861549128,-3.186121000514363,2126.5144783974038,2314.0283758902856
55.94324861549128,-3.186121000514363,WSW,55.94313381046157,-3.1863981643741166,2222.56913396958,2357.6053815788714
55.94313381046157,-3.1863981643741166,WNW,55.94324861549128,-3.18667532823387,2223.6911881981428,2432.027619857128
55.94324861549128,-3.18667532823387,ESE,55.94313381046157,-3.1863981643741166,2223.6911881981428,2430.777619857128
55.94313381046157,-3.1863981643741166,ESE,55.94301900543186,-3.186121000514363,2223.6911881981428,2429.527619857128
55.94301900543186,-3.186121000514363,SE,55.9428068733975,-3.1859088684800074,2223.6911881981428,2428.277619857128
55.9428068733975,-3.1859088684800074,ESE,55.94269206836779,-3.185631704620254,2332.445022783161,2459.294780586032
55.94269206836779,-3.185631704620254,NE,55.94290420040215,-3.1854195725858983,2332.445022783161,2458.044780586032
55.94290420040215,-3.1854195725858983,ENE,55.94301900543186,-3.185142408726145,2332.445022783161,2456.794780586032
55.94301900543186,-3.185142408726145,NE,55.94323113746621,-3.184930276691789,2360.1838674669602,2572.788894748658
55.94323113746621,-3.184930276691789,NNE,55.94350830132597,-3.1848154716620796,2450.3024494176157,2579.8027013676233
55.94350830132597,-3.1848154716620796,NNW,55.94378546518573,-3.184930276691789,2450.3024494176157,2578.5527013676233
55.94378546518573,-3.184930276691789,NW,55.94399759722008,-3.185142408726145,2522.847491703612,2625.1938735522685
55.94399759722008,-3.185142408726145,WSW,55.94388279219037,-3.1854195725858983,2522.847491703612,2623.9438735522685
55.94388279219037,-3.1854195725858983,WSW,55.94376798716066,-3.1856967364456517,2522.847491703612,2622.6938735522685
55.94376798716066,-3.1856967364456517,WSW,55.94365318213095,-3.185973900305405,2522.847491703612,2621.4438735522685
55.94365318213095,-3.185973900305405,WSW,55.94353837710124,-3.1862510641651585,2522.847491703612,2620.1938735522685
55.94353837710124,-3.1862510641651585,WSW,55.94342357207153,-3.186528228024912,2522.847491703612,2618.9438735522685
55.94342357207153,-3.186528228024912,WSW,55.94330876704182,-3.1868053918846653,2522.847491703612,2617.6938735522685
55.94330876704182,-3.1868053918846653,WSW,55.94319396201211,-3.1870825557444187,2522.847491703612,2616.4438735522685
55.94319396201211,-3.1870825557444187,WSW,55.9430791569824,-3.187359719604172,2522.847491703612,2615.1938735522685
55.9430791569824,-3.187359719604172,WSW,55.94296435195269,-3.1876368834639255,2647.62307345825,2614.21506323934
55.94296435195269,-3.1876368834639255,SE,55.94275221991833,-3.1874247514295697,2647.62307345825,2612.96506323934
55.94275221991833,-3.1874247514295697,ESE,55.94263741488862,-3.1871475875698163,2647.62307345825,2611.71506323934
55.94263741488862,-3.1871475875698163,E,55.94263741488862,-3.186847587569816,2647.62307345825,2610.46506323934
55.94263741488862,-3.186847587569816,W,55.94263741488862,-3.1871475875698163,2647.62307345825,2609.21506323934
55.94263741488862,-3.1871475875698163,N,55.942937414888625,-3.1871475875698163,2647.62307345825,2607.96506323934
55.942937414888625,-3.1871475875698163,NNW,55.94321457874838,-3.187262392599526,2647.62307345825,2606.71506323934
55.94321457874838,-3.187262392599526,NE,55.94342671078274,-3.18705026056517,2647.62307345825,2605.46506323934
55.94342671078274,-3.18705026056517,SW,55.94321457874838,-3.187262392599526,2647.62307345825,2604.21506323934
55.94321457874838,-3.187262392599526,SE,55.943002446714026,-3.18705026056517,2647.62307345825,2602.96506323934
55.943002446714026,-3.18705026056517,ENE,55.943117251743736,-3.1867730967054166,2647.62307345825,2601.71506323934
55.943117251743736,-3.1867730967054166,SSW,55.94284008788398,-3.186887901735126,2647.62307345825,2600.46506323934
55.94284008788398,-3.186887901735126,ESE,55.94272528285427,-3.1866107378753727,2647.62307345825,2599.21506323934
55.94272528285427,-3.1866107378753727,W,55.94272528285427,-3.186910737875373,2647.62307345825,2597.96506323934
55.94272528285427,-3.186910737875373,NW,55.942937414888625,-3.1871228699097287,2647.62307345825,2596.71506323934
55.942937414888625,-3.1871228699097287,SW,55.94272528285427,-3.1873350019440845,2647.62307345825,2595.46506323934
55.94272528285427,-3.1873350019440845,WNW,55.94284008788398,-3.187612165803838,2647.62307345825,2594.21506323934
55.94284008788398,-3.187612165803838,NE,55.943052219918336,-3.187400033769482,2647.62307345825,2592.96506323934
55.943052219918336,-3.187400033769482,ENE,55.943167024948046,-3.1871228699097287,2647.62307345825,2591.71506323934
55.943167024948046,-3.1871228699097287,W,55.943167024948046,-3.187422869909729,2647.62307345825,2590.46506323934
55.943167024948046,-3.187422869909729,ENE,55.94328182997776,-3.1871457060499755,2647.62307345825,2589.21506323934
55.94328182997776,-3.1871457060499755,SE,55.9430696979434,-3.1869335740156197,2647.62307345825,2587.96506323934
55.9430696979434,-3.1869335740156197,ESE,55.94295489291369,-3.1866564101558663,2647.62307345825,2586.71506323934
55.94295489291369,-3.1866564101558663,NE,55.943167024948046,-3.1864442781215105,2647.62307345825,2585.46506323934
55.943167024948046,-3.1864442781215105,SSW,55.94288986108829,-3.18655908315122,2647.62307345825,2584.21506323934
55.94288986108829,-3.18655908315122,N,55.94318986108829,-3.18655908315122,2647.62307345825,2582.96506323934
55.94318986108829,-3.18655908315122,E,55.94318986108829,-3.18625908315122,2647.62307345825,2581.71506323934
55.94318986108829,-3.18625908315122,SSE,55.942912697228536,-3.1861442781215104,2647.62307345825,2580.46506323934
55.942912697228536,-3.1861442781215104,SSE,55.94263553336878,-3.186029473091801,2647.62307345825,2579.21506323934
55.94263553336878,-3.186029473091801,W,55.94263553336878,-3.186329473091801,2647.62307345825,2577.96506323934
55.94263553336878,-3.186329473091801,N,55.94293553336878,-3.186329473091801,2647.62307345825,2576.71506323934
55.94293553336878,-3.186329473091801,W,55.94293553336878,-3.1866294730918012,2647.62307345825,2575.46506323934
55.94293553336878,-3.1866294730918012,SSE,55.942658369509026,-3.1865146680620917,2647.62307345825,2574.21506323934
55.942658369509026,-3.1865146680620917,NE,55.94287050154338,-3.186302536027736,2647.62307345825,2572.96506323934
55.94287050154338,-3.186302536027736,N,55.943170501543385,-3.186302536027736,2647.62307345825,2571.71506323934
55.943170501543385,-3.186302536027736,S,55.94287050154338,-3.186302536027736,2647.62307345825,2570.46506323934
55.94287050154338,-3.186302536027736,NNW,55.94314766540314,-3.1864173410574455,2647.62307345825,2569.21506323934
55.94314766540314,-3.1864173410574455,SE,55.94293553336878,-3.1862052090230897,2647.62307345825,2567.96506323934
55.94293553336878,-3.1862052090230897,N,55.943235533368785,-3.1862052090230897,2647.62307345825,2566.71506323934
55.943235533368785,-3.1862052090230897,S,55.94293553336878,-3.1862052090230897,2647.62307345825,2565.46506323934
55.94293553336878,-3.1862052090230897,WNW,55.94305033839849,-3.186482372882843,2647.62307345825,2564.21506323934
55.94305033839849,-3.186482372882843,W,55.94305033839849,-3.1867823728828433,2647.62307345825,2562.96506323934
55.94305033839849,-3.1867823728828433,SE,55.94283820636414,-3.1865702408484875,2647.62307345825,2561.71506323934
55.94283820636414,-3.1865702408484875,ENE,55.94295301139385,-3.186293076988734,2647.62307345825,2560.46506323934
55.94295301139385,-3.186293076988734,NW,55.9431651434282,-3.18650520902309,2647.62307345825,2559.21506323934
55.9431651434282,-3.18650520902309,E,55.9431651434282,-3.1862052090230897,2647.62307345825,2557.96506323934
55.9431651434282,-3.1862052090230897,NE,55.94337727546256,-3.185993076988734,2647.62307345825,2556.71506323934
55.94337727546256,-3.185993076988734,E,55.94337727546256,-3.1856930769887337,2647.62307345825,2555.46506323934
55.94337727546256,-3.1856930769887337,SE,55.9431651434282,-3.185480944954378,2647.62307345825,2554.21506323934
55.9431651434282,-3.185480944954378,SE,55.94295301139385,-3.185268812920022,2647.62307345825,2552.96506323934
55.94295301139385,-3.185268812920022,NNE,55.9432301752536,-3.1851540078903127,2647.62307345825,2551.71506323934
55.9432301752536,-3.1851540078903127,S,55.9429301752536,-3.1851540078903127,2647.62307345825,2550.46506323934
55.9429301752536,-3.1851540078903127,NE,55.94314230728796,-3.184941875855957,2647.62307345825,2549.21506323934
55.94314230728796,-3.184941875855957,E,55.94314230728796,-3.1846418758559567,2647.62307345825,2547.96506323934
55.94314230728796,-3.1846418758559567,W,55.94314230728796,-3.184941875855957,2647.62307345825,2546.71506323934
55.94314230728796,-3.184941875855957,E,55.94314230728796,-3.1846418758559567,2647.62307345825,2545.46506323934
55.94314230728796,-3.1846418758559567,ESE,55.943027502258246,-3.1843647119962033,2647.62307345825,2544.21506323934
55.943027502258246,-3.1843647119962033,WNW,55.94314230728796,-3.1846418758559567,2647.62307345825,2542.96506323934
55.94314230728796,-3.1846418758559567,E,55.94314230728796,-3.1843418758559565,2647.62307345825,2541.71506323934
55.94314230728796,-3.1843418758559565,SSW,55.9428651434282,-3.184456680885666,2647.62307345825,2540.46506323934
55.9428651434282,-3.184456680885666,NNE,55.94314230728796,-3.1843418758559565,2647.62307345825,2539.21506323934
55.94314230728796,-3.1843418758559565,NNW,55.94341947114771,-3.184456680885666,2647.62307345825,2537.96506323934
55.94341947114771,-3.184456680885666,NNW,55.94369663500747,-3.1845714859153755,2647.62307345825,2536.71506323934
55.94369663500747,-3.1845714859153755,SW,55.943484502973114,-3.1847836179497313,2647.62307345825,2535.46506323934
55.943484502973114,-3.1847836179497313,NNW,55.94376166683287,-3.184898422979441,2647.62307345825,2534.21506323934
55.94376166683287,-3.184898422979441,NNW,55.94403883069263,-3.1850132280091503,2647.62307345825,2532.96506323934
55.94403883069263,-3.1850132280091503,E,55.94403883069263,-3.18471322800915,2647.62307345825,2531.71506323934
55.94403883069263,-3.18471322800915,W,55.94403883069263,-3.1850132280091503,2647.62307345825,2530.46506323934
55.94403883069263,-3.1850132280091503,NNW,55.94431599455238,-3.18512803303886,2647.62307345825,2529.21506323934
55.94431599455238,-3.18512803303886,S,55.94401599455238,-3.18512803303886,2647.62307345825,2527.96506323934
55.94401599455238,-3.18512803303886,SSW,55.943738830692624,-3.1852428380685693,2647.62307345825,2526.71506323934
55.943738830692624,-3.1852428380685693,WSW,55.94362402566291,-3.1855200019283227,2647.62307345825,2525.46506323934
55.94362402566291,-3.1855200019283227,SE,55.94341189362856,-3.185307869893967,2647.62307345825,2524.21506323934
55.94341189362856,-3.185307869893967,E,55.94341189362856,-3.185007869893967,2647.62307345825,2522.96506323934
55.94341189362856,-3.185007869893967,NNE,55.943689057488314,-3.1848930648642573,2647.62307345825,2521.71506323934
55.943689057488314,-3.1848930648642573,ESE,55.9435742524586,-3.184615901004504,2647.62307345825,2520.46506323934
55.9435742524586,-3.184615901004504,ENE,55.943689057488314,-3.1843387371447505,2647.62307345825,2519.21506323934
55.943689057488314,-3.1843387371447505,WSW,55.9435742524586,-3.184615901004504,2647.62307345825,2517.96506323934
55.9435742524586,-3.184615901004504,SE,55.94336212042425,-3.184403768970148,2647.62307345825,2516.71506323934
55.94336212042425,-3.184403768970148,SSW,55.94308495656449,-3.1845185739998576,2647.62307345825,2515.46506323934
55.94308495656449,-3.1845185739998576,NNW,55.94336212042425,-3.184633379029567,2647.62307345825,2514.21506323934
55.94336212042425,-3.184633379029567,NNW,55.943639284284004,-3.1847481840592766,2647.62307345825,2512.96506323934
55.943639284284004,-3.1847481840592766,SE,55.94342715224965,-3.184536052024921,2647.62307345825,2511.71506323934
55.94342715224965,-3.184536052024921,SSW,55.94314998838989,-3.1846508570546304,2647.62307345825,2510.46506323934
55.94314998838989,-3.1846508570546304,WSW,55.94303518336018,-3.1849280209143838,2647.62307345825,2509.21506323934
55.94303518336018,-3.1849280209143838,E,55.94303518336018,-3.1846280209143836,2647.62307345825,2507.96506323934
55.94303518336018,-3.1846280209143836,WSW,55.94292037833047,-3.184905184774137,2647.62307345825,2506.71506323934
55.94292037833047,-3.184905184774137,S,55.94262037833047,-3.184905184774137,2647.62307345825,2505.46506323934
55.94262037833047,-3.184905184774137,NW,55.94283251036482,-3.1851173168084927,2647.62307345825,2504.21506323934
55.94283251036482,-3.1851173168084927,SW,55.94262037833047,-3.1853294488428485,2647.62307345825,2502.96506323934
55.94262037833047,-3.1853294488428485,E,55.94262037833047,-3.1850294488428483,2647.62307345825,2501.71506323934
55.94262037833047,-3.1850294488428483,WNW,55.94273518336018,-3.1853066127026017,2647.62307345825,2500.46506323934
55.94273518336018,-3.1853066127026017,E,55.94273518336018,-3.1850066127026015,2647.62307345825,2499.21506323934
55.94273518336018,-3.1850066127026015,ESE,55.94262037833047,-3.184729448842848,2647.62307345825,2497.96506323934
55.94262037833047,-3.184729448842848,ENE,55.94273518336018,-3.1844522849830947,2647.62307345825,2496.71506323934
55.94273518336018,-3.1844522849830947,WNW,55.94284998838989,-3.184729448842848,2647.62307345825,2495.46506323934
55.94284998838989,-3.184729448842848,ESE,55.94273518336018,-3.1844522849830947,2647.62307345825,2494.21506323934
55.94273518336018,-3.1844522849830947,W,55.94273518336018,-3.184752284983095,2647.62307345825,2492.96506323934
55.94273518336018,-3.184752284983095,WSW,55.94262037833047,-3.1850294488428483,2647.62307345825,2491.71506323934
55.94262037833047,-3.1850294488428483,NW,55.94283251036482,-3.185241580877204,2647.62307345825,2490.46506323934
55.94283251036482,-3.185241580877204,N,55.943132510364826,-3.185241580877204,2647.62307345825,2489.21506323934
55.943132510364826,-3.185241580877204,NW,55.94334464239918,-3.18545371291156,2647.62307345825,2487.96506323934
55.94334464239918,-3.18545371291156,NW,55.94355677443354,-3.1856658449459156,2647.62307345825,2486.71506323934
55.94355677443354,-3.1856658449459156,SSW,55.94327961057378,-3.185780649975625,2647.62307345825,2485.46506323934
55.94327961057378,-3.185780649975625,SSE,55.943002446714026,-3.1856658449459156,2647.62307345825,2484.21506323934
55.943002446714026,-3.1856658449459156,S,55.94270244671402,-3.1856658449459156,2647.62307345825,2482.96506323934
55.94270244671402,-3.1856658449459156,E,55.94270244671402,-3.1853658449459155,2647.62307345825,2481.71506323934
55.94270244671402,-3.1853658449459155,N,55.943002446714026,-3.1853658449459155,2647.62307345825,2480.46506323934
55.943002446714026,-3.1853658449459155,ESE,55.942887641684315,-3.185088681086162,2647.62307345825,2479.21506323934
55.942887641684315,-3.185088681086162,E,55.942887641684315,-3.184788681086162,2647.62307345825,2477.96506323934
55.942887641684315,-3.184788681086162,WSW,55.942772836654605,-3.1850658449459153,2647.62307345825,2476.71506323934
55.942772836654605,-3.1850658449459153,NE,55.94298496868896,-3.1848537129115595,2647.62307345825,2475.46506323934
55.94298496868896,-3.1848537129115595,SE,55.942772836654605,-3.1846415808772037,2647.62307345825,2474.21506323934
55.942772836654605,-3.1846415808772037,NNE,55.94305000051436,-3.184526775847494,2647.62307345825,2472.96506323934
55.94305000051436,-3.184526775847494,W,55.94305000051436,-3.1848267758474944,2647.62307345825,2471.71506323934
55.94305000051436,-3.1848267758474944,NNW,55.94332716437412,-3.184941580877204,2647.62307345825,2470.46506323934
55.94332716437412,-3.184941580877204,S,55.943027164374115,-3.184941580877204,2647.62307345825,2469.21506323934
55.943027164374115,-3.184941580877204,ESE,55.942912359344405,-3.1846644170174505,2647.62307345825,2467.96506323934
55.942912359344405,-3.1846644170174505,SSW,55.94263519548465,-3.18477922204716,2647.62307345825,2466.71506323934
55.94263519548465,-3.18477922204716,W,55.94263519548465,-3.18507922204716,2647.62307345825,2465.46506323934
55.94263519548465,-3.18507922204716,NE,55.942847327519004,-3.1848670900128044,2647.62307345825,2464.21506323934
55.942847327519004,-3.1848670900128044,NW,55.94305945955336,-3.18507922204716,2647.62307345825,2462.96506323934
55.94305945955336,-3.18507922204716,SW,55.942847327519004,-3.185291354081516,2647.62307345825,2461.71506323934
55.942847327519004,-3.185291354081516,NNE,55.94312449137876,-3.1851765490518065,2647.62307345825,2460.46506323934
55.94312449137876,-3.1851765490518065,S,55.94282449137876,-3.1851765490518065,2647.62307345825,2459.21506323934
55.94282449137876,-3.1851765490518065,ESE,55.94270968634905,-3.184899385192053,2647.62307345825,2457.96506323934
55.94270968634905,-3.184899385192053,E,55.94270968634905,-3.184599385192053,2647.62307345825,2456.71506323934
55.94270968634905,-3.184599385192053,WNW,55.94282449137876,-3.1848765490518063,2647.62307345825,2455.46506323934
55.94282449137876,-3.1848765490518063,NW,55.943036623413114,-3.185088681086162,2647.62307345825,2454.21506323934
55.943036623413114,-3.185088681086162,NE,55.94324875544747,-3.1848765490518063,2647.62307345825,2452.96506323934
55.94324875544747,-3.1848765490518063,N,55.94354875544747,-3.1848765490518063,2647.62307345825,2451.71506323934
55.94354875544747,-3.1848765490518063,NW,55.94376088748183,-3.185088681086162,2647.62307345825,2450.46506323934
55.94376088748183,-3.185088681086162,N,55.94406088748183,-3.185088681086162,2647.62307345825,2449.21506323934
55.94406088748183,-3.185088681086162,SSE,55.943783723622076,-3.1849738760564525,2647.62307345825,2447.96506323934
55.943783723622076,-3.1849738760564525,N,55.94408372362208,-3.1849738760564525,2647.62307345825,2446.71506323934
55.94408372362208,-3.1849738760564525,WNW,55.94419852865179,-3.185251039916206,2647.62307345825,2445.46506323934
55.94419852865179,-3.185251039916206,WSW,55.94408372362208,-3.1855282037759594,2647.62307345825,2444.21506323934
55.94408372362208,-3.1855282037759594,WNW,55.94419852865179,-3.1858053676357128,2647.62307345825,2442.96506323934
55.94419852865179,-3.1858053676357128,NW,55.944410660686145,-3.1860174996700685,2647.62307345825,2441.71506323934
55.944410660686145,-3.1860174996700685,NNW,55.9446878245459,-3.186132304699778,2647.62307345825,2440.46506323934
55.9446878245459,-3.186132304699778,NW,55.94489995658026,-3.186344436734134,2647.62307345825,2439.21506323934
55.94489995658026,-3.186344436734134,NW,55.945112088614614,-3.1865565687684896,2647.62307345825,2437.96506323934
55.945112088614614,-3.1865565687684896,WSW,55.944997283584904,-3.186833732628243,2647.62307345825,2436.71506323934
55.944997283584904,-3.186833732628243,SE,55.94478515155055,-3.186621600593887,2647.62307345825,2435.46506323934
55.94478515155055,-3.186621600593887,NW,55.944997283584904,-3.186833732628243,2647.62307345825,2434.21506323934
55.944997283584904,-3.186833732628243,SSE,55.94472011972515,-3.1867189275985335,2647.62307345825,2432.96506323934
55.94472011972515,-3.1867189275985335,SSE,55.94444295586539,-3.186604122568824,2647.62307345825,2431.71506323934
55.94444295586539,-3.186604122568824,N,55.944742955865394,-3.186604122568824,2647.62307345825,2430.46506323934
55.944742955865394,-3.186604122568824,NNW,55.94502011972515,-3.1867189275985335,2647.62307345825,2429.21506323934
55.94502011972515,-3.1867189275985335,NNW,55.94529728358491,-3.186833732628243,2647.62307345825,2427.96506323934
55.94529728358491,-3.186833732628243,WSW,55.945182478555196,-3.1871108964879964,2647.62307345825,2426.71506323934
55.945182478555196,-3.1871108964879964,SSW,55.94490531469544,-3.187225701517706,2647.62307345825,2425.46506323934
55.94490531469544,-3.187225701517706,NNE,55.945182478555196,-3.1871108964879964,2647.62307345825,2424.21506323934
55.945182478555196,-3.1871108964879964,ENE,55.94529728358491,-3.186833732628243,2647.62307345825,2422.96506323934
55.94529728358491,-3.186833732628243,E,55.94529728358491,-3.186533732628243,2647.62307345825,2421.71506323934
55.94529728358491,-3.186533732628243,WNW,55.94541208861462,-3.186810896487996,2647.62307345825,2420.46506323934
55.94541208861462,-3.186810896487996,ENE,55.94552689364433,-3.186533732628243,2647.62307345825,2419.21506323934
55.94552689364433,-3.186533732628243,ENE,55.94564169867404,-3.1862565687684894,2647.62307345825,2417.96506323934
55.94564169867404,-3.1862565687684894,ENE,55.94575650370375,-3.185979404908736,2647.62307345825,2416.71506323934
55.94575650370375,-3.185979404908736,SW,55.94554437166939,-3.1861915369430918,2647.62307345825,2415.46506323934