55.944425,-3.188396,NNW,55.94470216385976,-3.1885108050297095,0.0,248.75
55.94470216385976,-3.1885108050297095,NE,55.944914295894115,-3.1882986729953537,25.052016460901896,355.27894139163584
55.944914295894115,-3.1882986729953537,ENE,55.945029100923826,-3.1880215091356003,25.052016460901896,354.02894139163584
55.945029100923826,-3.1880215091356003,SSE,55.94475193706407,-3.187906704105891,25.052016460901896,352.77894139163584
55.94475193706407,-3.187906704105891,SSE,55.94447477320431,-3.1877918990761813,25.052016460901896,351.52894139163584
55.94447477320431,-3.1877918990761813,SW,55.944262641169956,-3.188004031110537,25.052016460901896,350.27894139163584
55.944262641169956,-3.188004031110537,E,55.944262641169956,-3.187704031110537,25.052016460901896,349.02894139163584
55.944262641169956,-3.187704031110537,W,55.944262641169956,-3.188004031110537,25.052016460901896,347.77894139163584
55.944262641169956,-3.188004031110537,WSW,55.944147836140246,-3.1882811949702905,25.052016460901896,346.52894139163584
55.944147836140246,-3.1882811949702905,SE,55.94393570410589,-3.1880690629359347,25.052016460901896,345.27894139163584
55.94393570410589,-3.1880690629359347,N,55.94423570410589,-3.1880690629359347,25.052016460901896,344.02894139163584
55.94423570410589,-3.1880690629359347,NNW,55.94451286796565,-3.1881838679656442,25.052016460901896,342.77894139163584
55.94451286796565,-3.1881838679656442,NE,55.944725000000005,-3.1879717359312885,25.052016460901896,341.52894139163584
55.944725000000005,-3.1879717359312885,SW,55.94451286796565,-3.1881838679656442,25.052016460901896,340.27894139163584
55.94451286796565,-3.1881838679656442,SE,55.94430073593129,-3.1879717359312885,25.052016460901896,339.02894139163584
55.94430073593129,-3.1879717359312885,ENE,55.944415540961,-3.187694572071535,25.052016460901896,337.77894139163584
55.944415540961,-3.187694572071535,SSW,55.94413837710125,-3.1878093771012446,25.052016460901896,336.52894139163584
55.94413837710125,-3.1878093771012446,SSW,55.94386121324149,-3.187924182130954,25.052016460901896,335.27894139163584
55.94386121324149,-3.187924182130954,ESE,55.94374640821178,-3.1876470182712007,25.052016460901896,334.02894139163584
55.94374640821178,-3.1876470182712007,SE,55.943534276177424,-3.187434886236845,25.052016460901896,332.77894139163584
55.943534276177424,-3.187434886236845,W,55.943534276177424,-3.187734886236845,25.052016460901896,331.52894139163584
55.943534276177424,-3.187734886236845,S,55.94323427617742,-3.187734886236845,25.052016460901896,330.27894139163584
55.94323427617742,-3.187734886236845,ESE,55.94311947114771,-3.1874577223770917,111.79380577712104,388.93463372300346
55.94311947114771,-3.1874577223770917,SW,55.942907339113354,-3.1876698544114475,186.5949357604979,440.1491645090319
55.942907339113354,-3.1876698544114475,NW,55.94311947114771,-3.1878819864458032,186.5949357604979,438.8991645090319
55.94311947114771,-3.1878819864458032,SW,55.942907339113354,-3.188094118480159,186.5949357604979,437.6491645090319
55.942907339113354,-3.188094118480159,SW,55.942695207079,-3.1883062505145148,186.5949357604979,436.3991645090319
55.942695207079,-3.1883062505145148,E,55.942695207079,-3.1880062505145146,186.5949357604979,435.1491645090319
55.942695207079,-3.1880062505145146,NE,55.942907339113354,-3.187794118480159,186.5949357604979,433.8991645090319
55.942907339113354,-3.187794118480159,SSW,55.9426301752536,-3.1879089235098683,186.5949357604979,432.6491645090319
55.9426301752536,-3.1879089235098683,N,55.9429301752536,-3.1879089235098683,186.5949357604979,431.3991645090319
55.9429301752536,-3.1879089235098683,E,55.9429301752536,-3.187608923509868,186.5949357604979,430.1491645090319
55.9429301752536,-3.187608923509868,SSE,55.942653011393844,-3.1874941184801586,186.5949357604979,428.8991645090319
55.942653011393844,-3.1874941184801586,W,55.942653011393844,-3.187794118480159,186.5949357604979,427.6491645090319
55.942653011393844,-3.187794118480159,N,55.94295301139385,-3.187794118480159,186.5949357604979,426.3991645090319
55.94295301139385,-3.187794118480159,W,55.94295301139385,-3.188094118480159,186.5949357604979,425.1491645090319
55.94295301139385,-3.188094118480159,NNE,55.9432301752536,-3.1879793134504495,186.5949357604979,423.8991645090319
55.9432301752536,-3.1879793134504495,ESE,55.94311537022389,-3.187702149590696,186.5949357604979,422.6491645090319
55.94311537022389,-3.187702149590696,N,55.943415370223896,-3.187702149590696,186.5949357604979,421.3991645090319
55.943415370223896,-3.187702149590696,S,55.94311537022389,-3.187702149590696,186.5949357604979,420.1491645090319
55.94311537022389,-3.187702149590696,NNW,55.94339253408365,-3.1878169546204056,186.5949357604979,418.8991645090319
55.94339253408365,-3.1878169546204056,SE,55.94318040204929,-3.18760482258605,186.5949357604979,417.6491645090319
55.94318040204929,-3.18760482258605,N,55.943480402049296,-3.18760482258605,186.5949357604979,416.3991645090319
55.943480402049296,-3.18760482258605,S,55.94318040204929,-3.18760482258605,186.5949357604979,415.1491645090319
55.94318040204929,-3.18760482258605,WNW,55.943295207079004,-3.1878819864458032,186.5949357604979,413.8991645090319
55.943295207079004,-3.1878819864458032,W,55.943295207079004,-3.1881819864458034,186.5949357604979,412.6491645090319
55.943295207079004,-3.1881819864458034,WNW,55.943410012108714,-3.188459150305557,186.5949357604979,411.3991645090319
55.943410012108714,-3.188459150305557,WNW,55.943524817138425,-3.1887363141653102,186.5949357604979,410.1491645090319
55.943524817138425,-3.1887363141653102,E,55.943524817138425,-3.18843631416531,186.5949357604979,408.8991645090319
55.943524817138425,-3.18843631416531,E,55.943524817138425,-3.18813631416531,186.5949357604979,407.6491645090319
55.943524817138425,-3.18813631416531,NE,55.94373694917278,-3.187924182130954,186.5949357604979,406.3991645090319
55.94373694917278,-3.187924182130954,E,55.94373694917278,-3.187624182130954,186.5949357604979,405.1491645090319
55.94373694917278,-3.187624182130954,SE,55.943524817138425,-3.187412050096598,186.5949357604979,403.8991645090319
55.943524817138425,-3.187412050096598,SE,55.94331268510407,-3.1871999180622423,186.5949357604979,402.6491645090319
55.94331268510407,-3.1871999180622423,NNE,55.943589848963825,-3.187085113032533,186.5949357604979,401.3991645090319
55.943589848963825,-3.187085113032533,S,55.94328984896382,-3.187085113032533,186.5949357604979,400.1491645090319
55.94328984896382,-3.187085113032533,NE,55.94350198099818,-3.186872980998177,186.5949357604979,398.8991645090319
55.94350198099818,-3.186872980998177,SE,55.94328984896382,-3.1866608489638213,264.63161278393864,492.80422891057515
55.94328984896382,-3.1866608489638213,E,55.94328984896382,-3.186360848963821,264.63161278393864,491.55422891057515
55.94328984896382,-3.186360848963821,W,55.94328984896382,-3.1866608489638213,264.63161278393864,490.30422891057515
55.94328984896382,-3.1866608489638213,E,55.94328984896382,-3.186360848963821,264.63161278393864,489.05422891057515
55.94328984896382,-3.186360848963821,ESE,55.94317504393411,-3.1860836851040677,264.63161278393864,487.80422891057515
55.94317504393411,-3.1860836851040677,WNW,55.94328984896382,-3.186360848963821,264.63161278393864,486.55422891057515
55.94328984896382,-3.186360848963821,E,55.94328984896382,-3.186060848963821,264.63161278393864,485.30422891057515
55.94328984896382,-3.186060848963821,SSW,55.943012685104065,-3.1861756539935304,264.63161278393864,484.05422891057515
55.943012685104065,-3.1861756539935304,NNE,55.94328984896382,-3.186060848963821,264.63161278393864,482.80422891057515
55.94328984896382,-3.186060848963821,NNW,55.94356701282358,-3.1861756539935304,264.63161278393864,481.55422891057515
55.94356701282358,-3.1861756539935304,NNW,55.943844176683335,-3.18629045902324,264.63161278393864,480.30422891057515
55.943844176683335,-3.18629045902324,NW,55.94405630871769,-3.1865025910575957,367.2490906152278,550.9217640645276
55.94405630871769,-3.1865025910575957,SW,55.943844176683335,-3.1867147230919515,367.2490906152278,549.6717640645276
55.943844176683335,-3.1867147230919515,NNW,55.94412134054309,-3.186829528121661,367.2490906152278,548.4217640645276
55.94412134054309,-3.186829528121661,NNW,55.94439850440285,-3.1869443331513705,367.2490906152278,547.1717640645276
55.94439850440285,-3.1869443331513705,N,55.94469850440285,-3.1869443331513705,424.90193481488683,624.0208872173722
55.94469850440285,-3.1869443331513705,E,55.94469850440285,-3.1866443331513703,424.90193481488683,622.7708872173722
55.94469850440285,-3.1866443331513703,W,55.94469850440285,-3.1869443331513705,424.90193481488683,621.5208872173722
55.94469850440285,-3.1869443331513705,NNW,55.94497566826261,-3.18705913818108,424.90193481488683,620.2708872173722
55.94497566826261,-3.18705913818108,NE,55.945187800296964,-3.1868470061467242,480.9787900378255,699.8355803361017
55.945187800296964,-3.1868470061467242,S,55.94488780029696,-3.1868470061467242,480.9787900378255,698.5855803361017
55.94488780029696,-3.1868470061467242,SSW,55.944610636437204,-3.1869618111764337,480.9787900378255,697.3355803361017
55.944610636437204,-3.1869618111764337,WSW,55.944495831407494,-3.187238975036187,480.9787900378255,696.0855803361017
55.944495831407494,-3.187238975036187,SE,55.94428369937314,-3.1870268430018314,480.9787900378255,694.8355803361017
55.94428369937314,-3.1870268430018314,E,55.94428369937314,-3.186726843001831,480.9787900378255,693.5855803361017
55.94428369937314,-3.186726843001831,NNE,55.944560863232894,-3.1866120379721217,480.9787900378255,692.3355803361017
55.944560863232894,-3.1866120379721217,ESE,55.944446058203184,-3.1863348741123683,480.9787900378255,691.0855803361017
55.944446058203184,-3.1863348741123683,ENE,55.944560863232894,-3.186057710252615,480.9787900378255,689.8355803361017
55.944560863232894,-3.186057710252615,E,55.944560863232894,-3.1857577102526147,543.0872525095134,750.500515030436
55.944560863232894,-3.1857577102526147,W,55.944560863232894,-3.186057710252615,543.0872525095134,749.250515030436
55.944560863232894,-3.186057710252615,ESE,55.944446058203184,-3.1857805463928615,543.0872525095134,748.000515030436
55.944446058203184,-3.1857805463928615,WSW,55.94433125317347,-3.186057710252615,543.0872525095134,746.750515030436
55.94433125317347,-3.186057710252615,SE,55.94411912113912,-3.185845578218259,543.0872525095134,745.500515030436
55.94411912113912,-3.185845578218259,E,55.94411912113912,-3.185545578218259,579.3251037166026,848.3725362832553
55.94411912113912,-3.185545578218259,NE,55.94433125317347,-3.185333446183903,589.0192140867355,933.1596518130833
55.94433125317347,-3.185333446183903,N,55.944631253173476,-3.185333446183903,589.0192140867355,931.9096518130833
55.944631253173476,-3.185333446183903,SSW,55.94435408931372,-3.1854482512136126,589.0192140867355,930.6596518130833
55.94435408931372,-3.1854482512136126,E,55.94435408931372,-3.1851482512136124,589.0192140867355,929.4096518130833
55.94435408931372,-3.1851482512136124,NW,55.944566221348076,-3.185360383247968,589.0192140867355,928.1596518130833
55.944566221348076,-3.185360383247968,SSW,55.94428905748832,-3.1854751882776777,589.0192140867355,926.9096518130833
55.94428905748832,-3.1854751882776777,WNW,55.94440386251803,-3.185752352137431,589.0192140867355,925.6596518130833
55.94440386251803,-3.185752352137431,WSW,55.94428905748832,-3.1860295159971845,589.0192140867355,924.4096518130833
55.94428905748832,-3.1860295159971845,E,55.94428905748832,-3.1857295159971843,589.0192140867355,923.1596518130833
55.94428905748832,-3.1857295159971843,WSW,55.94417425245861,-3.1860066798569378,589.0192140867355,921.9096518130833
55.94417425245861,-3.1860066798569378,S,55.943874252458606,-3.1860066798569378,589.0192140867355,920.6596518130833
55.943874252458606,-3.1860066798569378,NW,55.94408638449296,-3.1862188118912935,589.0192140867355,919.4096518130833
55.94408638449296,-3.1862188118912935,SW,55.943874252458606,-3.1864309439256493,589.0192140867355,918.1596518130833
55.943874252458606,-3.1864309439256493,E,55.943874252458606,-3.186130943925649,589.0192140867355,916.9096518130833
55.943874252458606,-3.186130943925649,SSW,55.94359708859885,-3.1862457489553586,589.0192140867355,915.6596518130833
55.94359708859885,-3.1862457489553586,WNW,55.94371189362856,-3.186522912815112,589.0192140867355,914.4096518130833
55.94371189362856,-3.186522912815112,SSE,55.9434347297688,-3.1864081077854025,589.0192140867355,913.1596518130833
55.9434347297688,-3.1864081077854025,SSW,55.94315756590905,-3.186522912815112,589.0192140867355,911.9096518130833
55.94315756590905,-3.186522912815112,SSW,55.94288040204929,-3.1866377178448215,589.0192140867355,910.6596518130833
55.94288040204929,-3.1866377178448215,E,55.94288040204929,-3.1863377178448213,589.0192140867355,909.4096518130833
55.94288040204929,-3.1863377178448213,ESE,55.94276559701958,-3.186060553985068,589.0192140867355,908.1596518130833
55.94276559701958,-3.186060553985068,ENE,55.94288040204929,-3.1857833901253145,589.0192140867355,906.9096518130833
55.94288040204929,-3.1857833901253145,ESE,55.94276559701958,-3.185506226265561,589.0192140867355,905.6596518130833
55.94276559701958,-3.185506226265561,E,55.94276559701958,-3.185206226265561,638.2347587786921,947.8992320487258
55.94276559701958,-3.185206226265561,E,55.94276559701958,-3.1849062262655607,638.2347587786921,946.6492320487258
55.94276559701958,-3.1849062262655607,WNW,55.94288040204929,-3.185183390125314,638.2347587786921,945.3992320487258
55.94288040204929,-3.185183390125314,ESE,55.94276559701958,-3.1849062262655607,638.2347587786921,944.1492320487258
55.94276559701958,-3.1849062262655607,W,55.94276559701958,-3.185206226265561,638.2347587786921,942.8992320487258
55.94276559701958,-3.185206226265561,WSW,55.94265079198987,-3.1854833901253143,638.2347587786921,941.6492320487258
55.94265079198987,-3.1854833901253143,NW,55.942862924024226,-3.18569552215967,638.2347587786921,940.3992320487258
55.942862924024226,-3.18569552215967,N,55.94316292402423,-3.18569552215967,638.2347587786921,939.1492320487258
55.94316292402423,-3.18569552215967,NW,55.943375056058585,-3.185907654194026,638.2347587786921,937.8992320487258
55.943375056058585,-3.185907654194026,NW,55.94358718809294,-3.1861197862283817,638.2347587786921,936.6492320487258
55.94358718809294,-3.1861197862283817,SSW,55.943310024233185,-3.186234591258091,638.2347587786921,935.3992320487258
55.943310024233185,-3.186234591258091,SSE,55.94303286037343,-3.1861197862283817,638.2347587786921,934.1492320487258
55.94303286037343,-3.1861197862283817,S,55.942732860373425,-3.1861197862283817,638.2347587786921,932.8992320487258
55.942732860373425,-3.1861197862283817,E,55.942732860373425,-3.1858197862283815,638.2347587786921,931.6492320487258
55.942732860373425,-3.1858197862283815,N,55.94303286037343,-3.1858197862283815,638.2347587786921,930.3992320487258
55.94303286037343,-3.1858197862283815,ESE,55.94291805534372,-3.185542622368628,638.2347587786921,929.1492320487258
55.94291805534372,-3.185542622368628,SSE,55.94264089148396,-3.1854278173389186,638.2347587786921,927.8992320487258
55.94264089148396,-3.1854278173389186,E,55.94264089148396,-3.1851278173389184,638.2347587786921,926.6492320487258
55.94264089148396,-3.1851278173389184,NE,55.94285302351832,-3.1849156853045626,638.2347587786921,925.3992320487258
55.94285302351832,-3.1849156853045626,SE,55.94264089148396,-3.184703553270207,638.2347587786921,924.1492320487258
55.94264089148396,-3.184703553270207,NNE,55.94291805534372,-3.1845887482404973,638.2347587786921,922.8992320487258
55.94291805534372,-3.1845887482404973,W,55.94291805534372,-3.1848887482404975,638.2347587786921,921.6492320487258
55.94291805534372,-3.1848887482404975,NNW,55.943195219203474,-3.185003553270207,638.2347587786921,920.3992320487258
55.943195219203474,-3.185003553270207,S,55.94289521920347,-3.185003553270207,638.2347587786921,919.1492320487258
55.94289521920347,-3.185003553270207,ESE,55.94278041417376,-3.1847263894104536,638.2347587786921,917.8992320487258
55.94278041417376,-3.1847263894104536,W,55.94278041417376,-3.185026389410454,638.2347587786921,916.6492320487258
55.94278041417376,-3.185026389410454,NE,55.94299254620812,-3.184814257376098,638.2347587786921,915.3992320487258
55.94299254620812,-3.184814257376098,NW,55.94320467824247,-3.185026389410454,638.2347587786921,914.1492320487258
55.94320467824247,-3.185026389410454,SW,55.94299254620812,-3.1852385214448096,638.2347587786921,912.8992320487258
55.94299254620812,-3.1852385214448096,NNE,55.943269710067874,-3.1851237164151,638.2347587786921,911.6492320487258
55.943269710067874,-3.1851237164151,S,55.94296971006787,-3.1851237164151,638.2347587786921,910.3992320487258
55.94296971006787,-3.1851237164151,ESE,55.94285490503816,-3.1848465525553467,638.2347587786921,909.1492320487258
55.94285490503816,-3.1848465525553467,ESE,55.94274010000845,-3.1845693886955933,638.2347587786921,907.8992320487258
55.94274010000845,-3.1845693886955933,WSW,55.94262529497874,-3.1848465525553467,638.2347587786921,906.6492320487258
55.94262529497874,-3.1848465525553467,WNW,55.94274010000845,-3.1851237164151,638.2347587786921,905.3992320487258
55.94274010000845,-3.1851237164151,NW,55.942952232042806,-3.185335848449456,638.2347587786921,904.1492320487258
55.942952232042806,-3.185335848449456,NE,55.94316436407716,-3.1851237164151,638.2347587786921,902.8992320487258
55.94316436407716,-3.1851237164151,N,55.943464364077165,-3.1851237164151,638.2347587786921,901.6492320487258
55.943464364077165,-3.1851237164151,NW,55.94367649611152,-3.185335848449456,638.2347587786921,900.3992320487258
55.94367649611152,-3.185335848449456,ESE,55.94356169108181,-3.1850586845897024,638.2347587786921,899.1492320487258
55.94356169108181,-3.1850586845897024,W,55.94356169108181,-3.1853586845897026,638.2347587786921,897.8992320487258
55.94356169108181,-3.1853586845897026,N,55.943861691081814,-3.1853586845897026,638.2347587786921,896.6492320487258
55.943861691081814,-3.1853586845897026,N,55.94416169108182,-3.1853586845897026,638.2347587786921,895.3992320487258
55.94416169108182,-3.1853586845897026,NNW,55.94443885494157,-3.185473489619412,638.2347587786921,894.1492320487258
55.94443885494157,-3.185473489619412,N,55.944738854941576,-3.185473489619412,638.2347587786921,892.8992320487258
55.944738854941576,-3.185473489619412,NW,55.94495098697593,-3.185685621653768,638.2347587786921,891.6492320487258
55.94495098697593,-3.185685621653768,NNW,55.94522815083569,-3.1858004266834774,638.2347587786921,890.3992320487258
55.94522815083569,-3.1858004266834774,NW,55.945440282870045,-3.186012558717833,716.6091228934112,932.8917833761328
55.945440282870045,-3.186012558717833,ESE,55.945325477840335,-3.1857353948580798,716.6091228934112,931.6417833761328
55.945325477840335,-3.1857353948580798,ENE,55.945440282870045,-3.1854582309983264,716.6091228934112,930.3917833761328
55.945440282870045,-3.1854582309983264,WSW,55.945325477840335,-3.1857353948580798,716.6091228934112,929.1417833761328
55.945325477840335,-3.1857353948580798,SE,55.94511334580598,-3.185523262823724,716.6091228934112,927.8917833761328
55.94511334580598,-3.185523262823724,E,55.94511334580598,-3.185223262823724,716.6091228934112,926.6417833761328
55.94511334580598,-3.185223262823724,NNE,55.945390509665735,-3.1851084577940143,716.6091228934112,925.3917833761328
55.945390509665735,-3.1851084577940143,W,55.945390509665735,-3.1854084577940145,716.6091228934112,924.1417833761328
55.945390509665735,-3.1854084577940145,N,55.94569050966574,-3.1854084577940145,716.6091228934112,922.8917833761328
55.94569050966574,-3.1854084577940145,NNW,55.945967673525494,-3.185523262823724,716.6091228934112,921.6417833761328
55.945967673525494,-3.185523262823724,WSW,55.945852868495784,-3.1858004266834774,716.6091228934112,920.3917833761328
55.945852868495784,-3.1858004266834774,SSW,55.94557570463603,-3.185915231713187,716.6091228934112,919.1417833761328
55.94557570463603,-3.185915231713187,W,55.94557570463603,-3.186215231713187,716.6091228934112,917.8917833761328
55.94557570463603,-3.186215231713187,ENE,55.94569050966574,-3.1859380678534337,716.6091228934112,916.6417833761328
55.94569050966574,-3.1859380678534337,E,55.94569050966574,-3.1856380678534335,716.6091228934112,915.3917833761328
55.94569050966574,-3.1856380678534335,WNW,55.94580531469545,-3.185915231713187,716.6091228934112,914.1417833761328
55.94580531469545,-3.185915231713187,ENE,55.94592011972516,-3.1856380678534335,716.6091228934112,912.8917833761328
55.94592011972516,-3.1856380678534335,NNE,55.946197283584915,-3.185523262823724,716.6091228934112,911.6417833761328
55.946197283584915,-3.185523262823724,S,55.94589728358491,-3.185523262823724,716.6091228934112,910.3917833761328
55.94589728358491,-3.185523262823724,SW,55.945685151550556,-3.1857353948580798,716.6091228934112,909.1417833761328
55.945685151550556,-3.1857353948580798,NE,55.94589728358491,-3.185523262823724,716.6091228934112,907.8917833761328
55.94589728358491,-3.185523262823724,WNW,55.94601208861462,-3.1858004266834774,716.6091228934112,906.6417833761328
55.94601208861462,-3.1858004266834774,W,55.94601208861462,-3.1861004266834776,716.6091228934112,905.3917833761328
55.94601208861462,-3.1861004266834776,SSE,55.945734924754866,-3.185985621653768,716.6091228934112,904.1417833761328
55.945734924754866,-3.185985621653768,W,55.945734924754866,-3.1862856216537683,716.6091228934112,902.8917833761328
55.945734924754866,-3.1862856216537683,SW,55.94552279272051,-3.186497753688124,716.6091228934112,901.6417833761328
55.94552279272051,-3.186497753688124,SE,55.945310660686154,-3.1862856216537683,716.6091228934112,900.3917833761328
55.945310660686154,-3.1862856216537683,S,55.94501066068615,-3.1862856216537683,716.6091228934112,899.1417833761328
55.94501066068615,-3.1862856216537683,W,55.94501066068615,-3.1865856216537685,716.6091228934112,897.8917833761328
55.94501066068615,-3.1865856216537685,S,55.94471066068615,-3.1865856216537685,716.6091228934112,896.6417833761328
55.94471066068615,-3.1865856216537685,NNE,55.944987824545905,-3.186470816624059,716.6091228934112,895.3917833761328
55.944987824545905,-3.186470816624059,SW,55.94477569251155,-3.1866829486584147,716.6091228934112,894.1417833761328
55.94477569251155,-3.1866829486584147,W,55.94477569251155,-3.186982948658415,716.6091228934112,892.8917833761328
55.94477569251155,-3.186982948658415,NW,55.944987824545905,-3.1871950806927707,716.6091228934112,891.6417833761328
55.944987824545905,-3.1871950806927707,NW,55.94519995658026,-3.1874072127271265,727.6889013049706,938.5967029343319
55.94519995658026,-3.1874072127271265,NW,55.94541208861462,-3.1876193447614822,774.1002720323567,1005.7483397674964
55.94541208861462,-3.1876193447614822,SSE,55.94513492475486,-3.1875045397317727,774.1002720323567,1004.4983397674964
55.94513492475486,-3.1875045397317727,E,55.94513492475486,-3.1872045397317725,774.1002720323567,1003.2483397674964
55.94513492475486,-3.1872045397317725,SSE,55.944857760895104,-3.187089734702063,774.1002720323567,1001.9983397674964
55.944857760895104,-3.187089734702063,E,55.944857760895104,-3.186789734702063,774.1002720323567,1000.7483397674964
55.944857760895104,-3.186789734702063,WSW,55.944742955865394,-3.1870668985618162,774.1002720323567,999.4983397674964
55.944742955865394,-3.1870668985618162,WSW,55.94462815083568,-3.1873440624215696,774.1002720323567,998.2483397674964
55.94462815083568,-3.1873440624215696,SE,55.94441601880133,-3.187131930387214,774.1002720323567,996.9983397674964
55.94441601880133,-3.187131930387214,S,55.944116018801324,-3.187131930387214,774.1002720323567,995.7483397674964
55.944116018801324,-3.187131930387214,SSW,55.94383885494157,-3.1872467354169234,774.1002720323567,994.4983397674964
55.94383885494157,-3.1872467354169234,NE,55.944050986975924,-3.1870346033825676,774.1002720323567,993.2483397674964
55.944050986975924,-3.1870346033825676,W,55.944050986975924,-3.187334603382568,774.1002720323567,991.9983397674964
55.944050986975924,-3.187334603382568,SSE,55.94377382311617,-3.1872197983528583,774.1002720323567,990.7483397674964
55.94377382311617,-3.1872197983528583,SE,55.94356169108181,-3.1870076663185025,774.1002720323567,989.4983397674964
55.94356169108181,-3.1870076663185025,NNW,55.94383885494157,-3.187122471348212,774.1002720323567,988.2483397674964
55.94383885494157,-3.187122471348212,NNE,55.944116018801324,-3.1870076663185025,774.1002720323567,986.9983397674964
55.944116018801324,-3.1870076663185025,NNE,55.94439318266108,-3.186892861288793,774.1002720323567,985.7483397674964
55.94439318266108,-3.186892861288793,NNW,55.94467034652084,-3.1870076663185025,774.1002720323567,984.4983397674964
55.94467034652084,-3.1870076663185025,W,55.94467034652084,-3.1873076663185027,774.1002720323567,983.2483397674964
55.94467034652084,-3.1873076663185027,WSW,55.94455554149113,-3.187584830178256,774.1002720323567,981.9983397674964
55.94455554149113,-3.187584830178256,NW,55.94476767352548,-3.187796962212612,774.1002720323567,980.7483397674964
55.94476767352548,-3.187796962212612,WSW,55.94465286849577,-3.1880741260723653,774.1002720323567,979.4983397674964
55.94465286849577,-3.1880741260723653,SW,55.94444073646142,-3.188286258106721,774.1002720323567,978.2483397674964
55.94444073646142,-3.188286258106721,ESE,55.944325931431706,-3.1880090942469677,774.1002720323567,976.9983397674964
55.944325931431706,-3.1880090942469677,N,55.94462593143171,-3.1880090942469677,774.1002720323567,975.7483397674964
55.94462593143171,-3.1880090942469677,ENE,55.94474073646142,-3.1877319303872143,774.1002720323567,974.4983397674964
55.94474073646142,-3.1877319303872143,ENE,55.94485554149113,-3.187454766527461,774.1002720323567,973.2483397674964
55.94485554149113,-3.187454766527461,N,55.94515554149113,-3.187454766527461,774.1002720323567,971.9983397674964
55.94515554149113,-3.187454766527461,NE,55.94536767352549,-3.187242634493105,774.1002720323567,970.7483397674964
55.94536767352549,-3.187242634493105,WNW,55.9454824785552,-3.1875197983528585,774.1002720323567,969.4983397674964
55.9454824785552,-3.1875197983528585,WNW,55.94559728358491,-3.187796962212612,774.1002720323567,968.2483397674964
55.94559728358491,-3.187796962212612,NW,55.945809415619266,-3.1880090942469677,795.7697261715515,1080.5491215438342
55.945809415619266,-3.1880090942469677,WNW,55.945924220648976,-3.188286258106721,795.7697261715515,1079.2991215438342
55.945924220648976,-3.188286258106721,S,55.94562422064897,-3.188286258106721,795.7697261715515,1078.0491215438342
55.94562422064897,-3.188286258106721,NE,55.94583635268333,-3.1880741260723653,795.7697261715515,1076.7991215438342
55.94583635268333,-3.1880741260723653,ENE,55.94595115771304,-3.187796962212612,795.7697261715515,1075.5491215438342
55.94595115771304,-3.187796962212612,ENE,55.94606596274275,-3.1875197983528585,795.7697261715515,1074.2991215438342
55.94606596274275,-3.1875197983528585,WNW,55.94618076777246,-3.187796962212612,795.7697261715515,1073.0491215438342
55.94618076777246,-3.187796962212612,SE,55.945968635738105,-3.187584830178256,795.7697261715515,1071.7991215438342
55.945968635738105,-3.187584830178256,E,55.945968635738105,-3.187284830178256,795.7697261715515,1070.5491215438342
55.945968635738105,-3.187284830178256,S,55.9456686357381,-3.187284830178256,795.7697261715515,1069.2991215438342
55.9456686357381,-3.187284830178256,SSW,55.945391471878345,-3.1873996352079654,795.7697261715515,1068.0491215438342
55.945391471878345,-3.1873996352079654,ENE,55.945506276908056,-3.187122471348212,795.7697261715515,1066.7991215438342
55.945506276908056,-3.187122471348212,N,55.94580627690806,-3.187122471348212,795.7697261715515,1065.5491215438342
55.94580627690806,-3.187122471348212,ESE,55.94569147187835,-3.1868453074884586,795.7697261715515,1064.2991215438342
55.94569147187835,-3.1868453074884586,SSW,55.94541430801859,-3.186960112518168,795.7697261715515,1063.0491215438342
55.94541430801859,-3.186960112518168,NNE,55.94569147187835,-3.1868453074884586,795.7697261715515,1061.7991215438342
55.94569147187835,-3.1868453074884586,E,55.94569147187835,-3.1865453074884584,795.7697261715515,1060.5491215438342
55.94569147187835,-3.1865453074884584,N,55.94599147187835,-3.1865453074884584,795.7697261715515,1059.2991215438342
55.94599147187835,-3.1865453074884584,SE,55.945779339843995,-3.1863331754541027,795.7697261715515,1058.0491215438342
55.945779339843995,-3.1863331754541027,W,55.945779339843995,-3.186633175454103,795.7697261715515,1056.7991215438342
55.945779339843995,-3.186633175454103,NW,55.94599147187835,-3.1868453074884586,795.7697261715515,1055.5491215438342
55.94599147187835,-3.1868453074884586,ESE,55.94587666684864,-3.186568143628705,795.7697261715515,1054.2991215438342
55.94587666684864,-3.186568143628705,E,55.94587666684864,-3.186268143628705,795.7697261715515,1053.0491215438342