55.944425, -3.188396, NNW, 55.94470216385976. -3.1885108050297095, 0.0, 248.75
249,
55.94470216385976, -3.1885108050297095, N, 55.94500216385976. -3.1885108050297095, 0.0, 247.5
248,
55.94500216385976, -3.1885108050297095, SE, 55.944790031825406. -3.1882986729953537, 0.0, 246.25
247,
55.944790031825406, -3.1882986729953537, SSE, 55.94451286796565. -3.1881838679656442, 0.0, 245.0
246,
55.94451286796565, -3.1881838679656442, SW, 55.94430073593129. -3.188396, 0.0, 243.75
245,
55.94430073593129, -3.188396, E, 55.94430073593129. -3.188096, 0.0, 242.5
244,
55.94430073593129, -3.188096, W, 55.94430073593129. -3.188396, 0.0, 241.25
243,
55.94430073593129, -3.188396, WSW, 55.94418593090158. -3.1886731638597534, 0.0, 240.0
242,
55.94418593090158, -3.1886731638597534, SE, 55.943973798867226. -3.1884610318253976, 0.0, 238.75
241,
55.943973798867226, -3.1884610318253976, N, 55.94427379886723. -3.1884610318253976, 0.0, 237.5
240,
55.94427379886723, -3.1884610318253976, NNW, 55.944550962726986. -3.188575836855107, 0.0, 236.25
239,
55.944550962726986, -3.188575836855107, SSE, 55.94427379886723. -3.1884610318253976, 0.0, 235.0
238,
55.94427379886723, -3.1884610318253976, SW, 55.94406166683287. -3.1886731638597534, 0.0, 233.75
237,
55.94406166683287, -3.1886731638597534, SE, 55.94384953479852. -3.1884610318253976, 0.0, 232.5
236,
55.94384953479852, -3.1884610318253976, ENE, 55.94396433982823. -3.1881838679656442, 0.0, 231.25
235,
55.94396433982823, -3.1881838679656442, SSW, 55.94368717596847. -3.1882986729953537, 0.0, 230.0
234,
55.94368717596847, -3.1882986729953537, SSW, 55.943410012108714. -3.1884134780250633, 0.0, 228.75
233,
55.943410012108714, -3.1884134780250633, ESE, 55.943295207079004. -3.18813631416531, 0.0, 227.5
232,
55.943295207079004, -3.18813631416531, SE, 55.94308307504465. -3.187924182130954, 0.0, 226.25
231,
55.94308307504465, -3.187924182130954, NE, 55.943295207079004. -3.1877120500965983, 24.449531774089206, 345.2425907101166
230,
55.943295207079004, -3.1877120500965983, ESE, 55.94318040204929. -3.187434886236845, 24.449531774089206, 343.9925907101166
229,
55.94318040204929, -3.187434886236845, ENE, 55.943295207079004. -3.1871577223770915, 24.449531774089206, 342.7425907101166
228,
55.943295207079004, -3.1871577223770915, NW, 55.94350733911336. -3.1873698544114473, 24.449531774089206, 341.4925907101166
227,
55.94350733911336, -3.1873698544114473, SW, 55.943295207079004. -3.187581986445803, 24.449531774089206, 340.2425907101166
226,
55.943295207079004, -3.187581986445803, ESE, 55.94318040204929. -3.1873048225860496, 24.449531774089206, 338.9925907101166
225,
55.94318040204929, -3.1873048225860496, NNE, 55.94345756590905. -3.18719001755634, 24.449531774089206, 337.7425907101166
224,
55.94345756590905, -3.18719001755634, NE, 55.943669697943406. -3.1869778855219844, 24.449531774089206, 336.4925907101166
223,
55.943669697943406, -3.1869778855219844, ENE, 55.943784502973116. -3.186700721662231, 24.449531774089206, 335.2425907101166
222,
55.943784502973116, -3.186700721662231, E, 55.943784502973116. -3.1864007216622308, 138.35041082635217, 417.4055845387466
221,
55.943784502973116, -3.1864007216622308, ENE, 55.94389930800283. -3.1861235578024774, 138.35041082635217, 416.1555845387466
220,
55.94389930800283, -3.1861235578024774, NNW, 55.94417647186258. -3.186238362832187, 254.3108083080964, 535.4962480363955
219,
55.94417647186258, -3.186238362832187, NNE, 55.94445363572234. -3.1861235578024774, 254.3108083080964, 534.2462480363955
218,
55.94445363572234, -3.1861235578024774, NNW, 55.944730799582096. -3.186238362832187, 254.3108083080964, 532.9962480363955
217,
55.944730799582096, -3.186238362832187, SW, 55.94451866754774. -3.1864504948665426, 276.97677102045486, 574.117640049486
216,
55.94451866754774, -3.1864504948665426, W, 55.94451866754774. -3.186750494866543, 276.97677102045486, 572.867640049486
215,
55.94451866754774, -3.186750494866543, NE, 55.944730799582096. -3.186538362832187, 276.97677102045486, 571.617640049486
214,
55.944730799582096, -3.186538362832187, SSW, 55.94445363572234. -3.1866531678618966, 276.97677102045486, 570.367640049486
213,
55.94445363572234, -3.1866531678618966, WNW, 55.94456844075205. -3.18693033172165, 377.4335376525221, 607.519257029617
212,
55.94456844075205, -3.18693033172165, S, 55.94426844075205. -3.18693033172165, 377.4335376525221, 606.269257029617
211,
55.94426844075205, -3.18693033172165, N, 55.94456844075205. -3.18693033172165, 377.4335376525221, 605.019257029617
210,
55.94456844075205, -3.18693033172165, E, 55.94456844075205. -3.18663033172165, 377.4335376525221, 603.769257029617
209,
55.94456844075205, -3.18663033172165, WNW, 55.94468324578176. -3.186907495581403, 377.4335376525221, 602.519257029617
208,
55.94468324578176, -3.186907495581403, SSE, 55.944406081922004. -3.1867926905516937, 377.4335376525221, 601.269257029617
207,
55.944406081922004, -3.1867926905516937, E, 55.944406081922004. -3.1864926905516935, 377.4335376525221, 600.019257029617
206,
55.944406081922004, -3.1864926905516935, SSW, 55.94412891806225. -3.186607495581403, 377.4335376525221, 598.769257029617
205,
55.94412891806225, -3.186607495581403, NNW, 55.944406081922004. -3.1867223006111125, 377.4335376525221, 597.519257029617
204,
55.944406081922004, -3.1867223006111125, SSE, 55.94412891806225. -3.186607495581403, 377.4335376525221, 596.269257029617
203,
55.94412891806225, -3.186607495581403, S, 55.943828918062245. -3.186607495581403, 377.4335376525221, 595.019257029617
202,
55.943828918062245, -3.186607495581403, E, 55.943828918062245. -3.186307495581403, 377.4335376525221, 593.769257029617
201,
55.943828918062245, -3.186307495581403, SSE, 55.94355175420249. -3.1861926905516933, 377.4335376525221, 592.519257029617
200,
55.94355175420249, -3.1861926905516933, N, 55.94385175420249. -3.1861926905516933, 377.4335376525221, 591.269257029617
199,
55.94385175420249, -3.1861926905516933, WSW, 55.94373694917278. -3.1864698544114467, 377.4335376525221, 590.019257029617
198,
55.94373694917278, -3.1864698544114467, SSE, 55.943459785313024. -3.186355049381737, 377.4335376525221, 588.769257029617
197,
55.943459785313024, -3.186355049381737, S, 55.94315978531302. -3.186355049381737, 497.9640721179938, 657.4903675462083
196,
55.94315978531302, -3.186355049381737, SSW, 55.942882621453265. -3.1864698544114467, 562.7504763769084, 697.2713063821622
195,
55.942882621453265, -3.1864698544114467, SE, 55.94267048941891. -3.186257722377091, 562.7504763769084, 696.0213063821622
194,
55.94267048941891, -3.186257722377091, N, 55.94297048941891. -3.186257722377091, 562.7504763769084, 694.7713063821622
193,
55.94297048941891, -3.186257722377091, S, 55.94267048941891. -3.186257722377091, 562.7504763769084, 693.5213063821622
192,
55.94267048941891, -3.186257722377091, WNW, 55.94278529444862. -3.1865348862368443, 562.7504763769084, 692.2713063821622
191,
55.94278529444862, -3.1865348862368443, W, 55.94278529444862. -3.1868348862368445, 562.7504763769084, 691.0213063821622
190,
55.94278529444862, -3.1868348862368445, ENE, 55.94290009947833. -3.186557722377091, 562.7504763769084, 689.7713063821622
189,
55.94290009947833, -3.186557722377091, WNW, 55.94301490450804. -3.1868348862368445, 562.7504763769084, 688.5213063821622
188,
55.94301490450804, -3.1868348862368445, E, 55.94301490450804. -3.1865348862368443, 562.7504763769084, 687.2713063821622
187,
55.94301490450804, -3.1865348862368443, NE, 55.943227036542396. -3.1863227542024886, 562.7504763769084, 686.0213063821622
186,
55.943227036542396, -3.1863227542024886, E, 55.943227036542396. -3.1860227542024884, 562.7504763769084, 684.7713063821622
185,
55.943227036542396, -3.1860227542024884, SE, 55.94301490450804. -3.1858106221681326, 562.7504763769084, 683.5213063821622
184,
55.94301490450804, -3.1858106221681326, SE, 55.942802772473684. -3.185598490133777, 562.7504763769084, 682.2713063821622
183,
55.942802772473684, -3.185598490133777, NNE, 55.94307993633344. -3.1854836851040673, 562.7504763769084, 681.0213063821622
182,
55.94307993633344, -3.1854836851040673, S, 55.94277993633344. -3.1854836851040673, 562.7504763769084, 679.7713063821622
181,
55.94277993633344, -3.1854836851040673, NE, 55.94299206836779. -3.1852715530697115, 562.7504763769084, 678.5213063821622
180,
55.94299206836779, -3.1852715530697115, E, 55.94299206836779. -3.1849715530697114, 645.1179259908866, 797.5869513786506
179,
55.94299206836779, -3.1849715530697114, E, 55.94299206836779. -3.184671553069711, 645.1179259908866, 796.3369513786506
178,
55.94299206836779, -3.184671553069711, NNW, 55.94326923222755. -3.1847863580994207, 702.7401172655053, 795.9455181282644
177,
55.94326923222755, -3.1847863580994207, W, 55.94326923222755. -3.185086358099421, 702.7401172655053, 794.6955181282644
176,
55.94326923222755, -3.185086358099421, E, 55.94326923222755. -3.1847863580994207, 702.7401172655053, 793.4455181282644
175,
55.94326923222755, -3.1847863580994207, ESE, 55.94315442719784. -3.1845091942396673, 702.7401172655053, 792.1955181282644
174,
55.94315442719784, -3.1845091942396673, WNW, 55.94326923222755. -3.1847863580994207, 702.7401172655053, 790.9455181282644
173,
55.94326923222755, -3.1847863580994207, E, 55.94326923222755. -3.1844863580994205, 702.7401172655053, 789.6955181282644
172,
55.94326923222755, -3.1844863580994205, SSW, 55.94299206836779. -3.18460116312913, 702.7401172655053, 788.4455181282644
171,
55.94299206836779, -3.18460116312913, NNE, 55.94326923222755. -3.1844863580994205, 702.7401172655053, 787.1955181282644
170,
55.94326923222755, -3.1844863580994205, NNW, 55.94354639608731. -3.18460116312913, 702.7401172655053, 785.9455181282644
169,
55.94354639608731, -3.18460116312913, NNW, 55.94382355994706. -3.1847159681588395, 702.7401172655053, 784.6955181282644
168,
55.94382355994706, -3.1847159681588395, SW, 55.94361142791271. -3.1849281001931953, 702.7401172655053, 783.4455181282644
167,
55.94361142791271, -3.1849281001931953, NNW, 55.94388859177246. -3.185042905222905, 702.7401172655053, 782.1955181282644
166,
55.94388859177246, -3.185042905222905, WNW, 55.944003396802174. -3.185320069082658, 717.0952742092003, 848.2217819847593
165,
55.944003396802174, -3.185320069082658, NNW, 55.94428056066193. -3.1854348741123677, 717.0952742092003, 846.9717819847593
164,
55.94428056066193, -3.1854348741123677, E, 55.94428056066193. -3.1851348741123675, 717.0952742092003, 845.7217819847593
163,
55.94428056066193, -3.1851348741123675, W, 55.94428056066193. -3.1854348741123677, 717.0952742092003, 844.4717819847593
162,
55.94428056066193, -3.1854348741123677, NNW, 55.94455772452169. -3.185549679142077, 717.0952742092003, 843.2217819847593
161,
55.94455772452169, -3.185549679142077, S, 55.944257724521684. -3.185549679142077, 717.0952742092003, 841.9717819847593
160,
55.944257724521684, -3.185549679142077, SSW, 55.94398056066193. -3.1856644841717867, 717.0952742092003, 840.7217819847593
159,
55.94398056066193, -3.1856644841717867, WSW, 55.94386575563222. -3.18594164803154, 717.0952742092003, 839.4717819847593
158,
55.94386575563222, -3.18594164803154, SSE, 55.94358859177246. -3.1858268430018306, 717.0952742092003, 838.2217819847593
157,
55.94358859177246, -3.1858268430018306, E, 55.94358859177246. -3.1855268430018304, 717.0952742092003, 836.9717819847593
156,
55.94358859177246, -3.1855268430018304, NNE, 55.94386575563222. -3.185412037972121, 717.0952742092003, 835.7217819847593
155,
55.94386575563222, -3.185412037972121, ESE, 55.94375095060251. -3.1851348741123675, 717.0952742092003, 834.4717819847593
154,
55.94375095060251, -3.1851348741123675, ENE, 55.94386575563222. -3.184857710252614, 717.0952742092003, 833.2217819847593
153,
55.94386575563222, -3.184857710252614, SSE, 55.94358859177246. -3.1847429052229046, 717.0952742092003, 831.9717819847593
152,
55.94358859177246, -3.1847429052229046, E, 55.94358859177246. -3.1844429052229044, 717.0952742092003, 830.7217819847593
151,
55.94358859177246, -3.1844429052229044, WSW, 55.94347378674275. -3.184720069082658, 717.0952742092003, 829.4717819847593
150,
55.94347378674275, -3.184720069082658, SE, 55.943261654708394. -3.184507937048302, 717.0952742092003, 828.2217819847593
149,
55.943261654708394, -3.184507937048302, SSW, 55.94298449084864. -3.1846227420780115, 717.0952742092003, 826.9717819847593
148,
55.94298449084864, -3.1846227420780115, E, 55.94298449084864. -3.1843227420780114, 717.0952742092003, 825.7217819847593
147,
55.94298449084864, -3.1843227420780114, NNW, 55.943261654708394. -3.184437547107721, 717.0952742092003, 824.4717819847593
146,
55.943261654708394, -3.184437547107721, NNW, 55.94353881856815. -3.1845523521374304, 717.0952742092003, 823.2217819847593
145,
55.94353881856815, -3.1845523521374304, SE, 55.943326686533794. -3.1843402201030746, 717.0952742092003, 821.9717819847593
144,
55.943326686533794, -3.1843402201030746, SSW, 55.94304952267404. -3.184455025132784, 717.0952742092003, 820.7217819847593
143,
55.94304952267404, -3.184455025132784, WSW, 55.94293471764433. -3.1847321889925375, 717.0952742092003, 819.4717819847593
142,
55.94293471764433, -3.1847321889925375, E, 55.94293471764433. -3.1844321889925373, 717.0952742092003, 818.2217819847593
141,
55.94293471764433, -3.1844321889925373, WSW, 55.94281991261462. -3.1847093528522907, 717.0952742092003, 816.9717819847593
140,
55.94281991261462, -3.1847093528522907, NW, 55.94303204464897. -3.1849214848866465, 717.0952742092003, 815.7217819847593
139,
55.94303204464897, -3.1849214848866465, SW, 55.94281991261462. -3.1851336169210023, 717.0952742092003, 814.4717819847593
138,
55.94281991261462, -3.1851336169210023, E, 55.94281991261462. -3.184833616921002, 717.0952742092003, 813.2217819847593
137,
55.94281991261462, -3.184833616921002, WNW, 55.94293471764433. -3.1851107807807555, 717.0952742092003, 811.9717819847593
136,
55.94293471764433, -3.1851107807807555, SSE, 55.94265755378457. -3.184995975751046, 717.0952742092003, 810.7217819847593
135,
55.94265755378457, -3.184995975751046, E, 55.94265755378457. -3.184695975751046, 717.0952742092003, 809.4717819847593
134,
55.94265755378457, -3.184695975751046, ENE, 55.94277235881428. -3.1844188118912924, 717.0952742092003, 808.2217819847593
133,
55.94277235881428, -3.1844188118912924, WNW, 55.94288716384399. -3.184695975751046, 717.0952742092003, 806.9717819847593
132,
55.94288716384399, -3.184695975751046, ESE, 55.94277235881428. -3.1844188118912924, 717.0952742092003, 805.7217819847593
131,
55.94277235881428, -3.1844188118912924, W, 55.94277235881428. -3.1847188118912926, 717.0952742092003, 804.4717819847593
130,
55.94277235881428, -3.1847188118912926, WSW, 55.94265755378457. -3.184995975751046, 717.0952742092003, 803.2217819847593
129,
55.94265755378457, -3.184995975751046, NW, 55.94286968581893. -3.1852081077854018, 717.0952742092003, 801.9717819847593
128,
55.94286968581893, -3.1852081077854018, N, 55.94316968581893. -3.1852081077854018, 717.0952742092003, 800.7217819847593
127,
55.94316968581893, -3.1852081077854018, NW, 55.943381817853286. -3.1854202398197575, 717.0952742092003, 799.4717819847593
126,
55.943381817853286, -3.1854202398197575, NW, 55.94359394988764. -3.1856323718541133, 717.0952742092003, 798.2217819847593
125,
55.94359394988764, -3.1856323718541133, SSW, 55.943316786027886. -3.185747176883823, 717.0952742092003, 796.9717819847593
124,
55.943316786027886, -3.185747176883823, SSE, 55.94303962216813. -3.1856323718541133, 717.0952742092003, 795.7217819847593
123,
55.94303962216813, -3.1856323718541133, S, 55.942739622168126. -3.1856323718541133, 717.0952742092003, 794.4717819847593
122,
55.942739622168126, -3.1856323718541133, E, 55.942739622168126. -3.185332371854113, 717.0952742092003, 793.2217819847593
121,
55.942739622168126, -3.185332371854113, N, 55.94303962216813. -3.185332371854113, 717.0952742092003, 791.9717819847593
120,
55.94303962216813, -3.185332371854113, ESE, 55.94292481713842. -3.1850552079943597, 717.0952742092003, 790.7217819847593
119,
55.94292481713842, -3.1850552079943597, SSE, 55.94264765327866. -3.18494040296465, 717.0952742092003, 789.4717819847593
118,
55.94264765327866, -3.18494040296465, E, 55.94264765327866. -3.18464040296465, 717.0952742092003, 788.2217819847593
117,
55.94264765327866, -3.18464040296465, NE, 55.94285978531302. -3.1844282709302942, 717.0952742092003, 786.9717819847593
116,
55.94285978531302, -3.1844282709302942, W, 55.94285978531302. -3.1847282709302944, 717.0952742092003, 785.7217819847593
115,
55.94285978531302, -3.1847282709302944, NNW, 55.943136949172775. -3.184843075960004, 717.0952742092003, 784.4717819847593
114,
55.943136949172775, -3.184843075960004, S, 55.94283694917277. -3.184843075960004, 717.0952742092003, 783.2217819847593
113,
55.94283694917277, -3.184843075960004, ESE, 55.94272214414306. -3.1845659121002505, 717.0952742092003, 781.9717819847593
112,
55.94272214414306, -3.1845659121002505, W, 55.94272214414306. -3.1848659121002507, 717.0952742092003, 780.7217819847593
111,
55.94272214414306, -3.1848659121002507, NE, 55.94293427617742. -3.184653780065895, 717.0952742092003, 779.4717819847593
110,
55.94293427617742, -3.184653780065895, NW, 55.943146408211774. -3.1848659121002507, 717.0952742092003, 778.2217819847593
109,
55.943146408211774, -3.1848659121002507, SW, 55.94293427617742. -3.1850780441346065, 717.0952742092003, 776.9717819847593
108,
55.94293427617742, -3.1850780441346065, NNE, 55.943211440037174. -3.184963239104897, 717.0952742092003, 775.7217819847593
107,
55.943211440037174, -3.184963239104897, S, 55.94291144003717. -3.184963239104897, 717.0952742092003, 774.4717819847593
106,
55.94291144003717, -3.184963239104897, ESE, 55.94279663500746. -3.1846860752451436, 717.0952742092003, 773.2217819847593
105,
55.94279663500746, -3.1846860752451436, ESE, 55.94268182997775. -3.18440891138539, 717.0952742092003, 771.9717819847593
104,
55.94268182997775, -3.18440891138539, WNW, 55.94279663500746. -3.1846860752451436, 717.0952742092003, 770.7217819847593
103,
55.94279663500746, -3.1846860752451436, NW, 55.94300876704182. -3.1848982072794993, 717.0952742092003, 769.4717819847593
102,
55.94300876704182, -3.1848982072794993, NE, 55.943220899076174. -3.1846860752451436, 717.0952742092003, 768.2217819847593
101,
55.943220899076174, -3.1846860752451436, N, 55.94352089907618. -3.1846860752451436, 717.0952742092003, 766.9717819847593
100,
55.94352089907618, -3.1846860752451436, NW, 55.94373303111053. -3.1848982072794993, 717.0952742092003, 765.7217819847593
99,
55.94373303111053, -3.1848982072794993, N, 55.944033031110536. -3.1848982072794993, 717.0952742092003, 764.4717819847593
98,
55.944033031110536, -3.1848982072794993, SSE, 55.94375586725078. -3.18478340224979, 717.0952742092003, 763.2217819847593
97,
55.94375586725078, -3.18478340224979, N, 55.94405586725078. -3.18478340224979, 717.0952742092003, 761.9717819847593
96,
55.94405586725078, -3.18478340224979, WNW, 55.94417067228049. -3.1850605661095432, 717.0952742092003, 760.7217819847593
95,
55.94417067228049, -3.1850605661095432, WSW, 55.94405586725078. -3.1853377299692966, 717.0952742092003, 759.4717819847593
94,
55.94405586725078, -3.1853377299692966, WNW, 55.94417067228049. -3.18561489382905, 717.0952742092003, 758.2217819847593
93,
55.94417067228049, -3.18561489382905, WSW, 55.94405586725078. -3.1858920576888035, 717.0952742092003, 756.9717819847593
92,
55.94405586725078, -3.1858920576888035, SW, 55.943843735216426. -3.1861041897231592, 717.0952742092003, 755.7217819847593
91,
55.943843735216426, -3.1861041897231592, WSW, 55.943728930186715. -3.1863813535829126, 717.0952742092003, 754.4717819847593
90,
55.943728930186715, -3.1863813535829126, ENE, 55.943843735216426. -3.1861041897231592, 717.0952742092003, 753.2217819847593
89,
55.943843735216426, -3.1861041897231592, S, 55.94354373521642. -3.1861041897231592, 717.0952742092003, 751.9717819847593
88,
55.94354373521642, -3.1861041897231592, SE, 55.94333160318207. -3.1858920576888035, 717.0952742092003, 750.7217819847593
87,
55.94333160318207, -3.1858920576888035, NW, 55.94354373521642. -3.1861041897231592, 717.0952742092003, 749.4717819847593
86,
55.94354373521642, -3.1861041897231592, SSE, 55.943266571356666. -3.1859893846934497, 717.0952742092003, 748.2217819847593
85,
55.943266571356666, -3.1859893846934497, W, 55.943266571356666. -3.18628938469345, 717.0952742092003, 746.9717819847593
84,
55.943266571356666, -3.18628938469345, N, 55.94356657135667. -3.18628938469345, 717.0952742092003, 745.7217819847593
83,
55.94356657135667, -3.18628938469345, NNW, 55.943843735216426. -3.1864041897231594, 717.0952742092003, 744.4717819847593
82,
55.943843735216426, -3.1864041897231594, ENE, 55.943958540246136. -3.186127025863406, 717.0952742092003, 743.2217819847593
81,
55.943958540246136, -3.186127025863406, ESE, 55.943843735216426. -3.1858498620036526, 717.0952742092003, 741.9717819847593
80,
55.943843735216426, -3.1858498620036526, SSW, 55.94356657135667. -3.185964667033362, 717.0952742092003, 740.7217819847593
79,
55.94356657135667, -3.185964667033362, NNE, 55.943843735216426. -3.1858498620036526, 717.0952742092003, 739.4717819847593
78,
55.943843735216426, -3.1858498620036526, ENE, 55.943958540246136. -3.185572698143899, 717.0952742092003, 738.2217819847593
77,
55.943958540246136, -3.185572698143899, E, 55.943958540246136. -3.185272698143899, 717.0952742092003, 736.9717819847593
76,
55.943958540246136, -3.185272698143899, WNW, 55.94407334527585. -3.1855498620036524, 717.0952742092003, 735.7217819847593
75,
55.94407334527585, -3.1855498620036524, ENE, 55.94418815030556. -3.185272698143899, 717.0952742092003, 734.4717819847593
74,
55.94418815030556, -3.185272698143899, NNE, 55.94446531416531. -3.1851578931141895, 717.0952742092003, 733.2217819847593
73,
55.94446531416531, -3.1851578931141895, S, 55.94416531416531. -3.1851578931141895, 717.0952742092003, 731.9717819847593
72,
55.94416531416531, -3.1851578931141895, SW, 55.943953182130954. -3.1853700251485453, 717.0952742092003, 730.7217819847593
71,
55.943953182130954, -3.1853700251485453, NE, 55.94416531416531. -3.1851578931141895, 717.0952742092003, 729.4717819847593
70,
55.94416531416531, -3.1851578931141895, WNW, 55.94428011919502. -3.185435056973943, 717.0952742092003, 728.2217819847593
69,
55.94428011919502, -3.185435056973943, W, 55.94428011919502. -3.185735056973943, 717.0952742092003, 726.9717819847593
68,
55.94428011919502, -3.185735056973943, NNW, 55.94455728305478. -3.1858498620036526, 717.0952742092003, 725.7217819847593
67,
55.94455728305478, -3.1858498620036526, NNE, 55.944834446914534. -3.185735056973943, 717.0952742092003, 724.4717819847593
66,
55.944834446914534, -3.185735056973943, N, 55.94513444691454. -3.185735056973943, 787.3772779191197, 732.7391156215709
65,
55.94513444691454, -3.185735056973943, NNW, 55.94541161077429. -3.1858498620036526, 787.3772779191197, 731.4891156215709
64,
55.94541161077429, -3.1858498620036526, SE, 55.94519947873994. -3.185637729969297, 787.3772779191197, 730.2391156215709
63,
55.94519947873994, -3.185637729969297, E, 55.94519947873994. -3.1853377299692966, 839.9978010303914, 730.3433745064867
62,
55.94519947873994, -3.1853377299692966, W, 55.94519947873994. -3.185637729969297, 839.9978010303914, 729.0933745064867
61,
55.94519947873994, -3.185637729969297, SW, 55.94498734670558. -3.1858498620036526, 839.9978010303914, 727.8433745064867
60,
55.94498734670558, -3.1858498620036526, SE, 55.944775214671225. -3.185637729969297, 839.9978010303914, 726.5933745064867
59,
55.944775214671225, -3.185637729969297, SE, 55.94456308263687. -3.185425597934941, 839.9978010303914, 725.3433745064867
58,
55.94456308263687, -3.185425597934941, SSE, 55.94428591877711. -3.1853107929052316, 839.9978010303914, 724.0933745064867
57,
55.94428591877711, -3.1853107929052316, S, 55.94398591877711. -3.1853107929052316, 839.9978010303914, 722.8433745064867
56,
55.94398591877711, -3.1853107929052316, NNE, 55.944263082636866. -3.185195987875522, 839.9978010303914, 721.5933745064867
55,
55.944263082636866, -3.185195987875522, N, 55.94456308263687. -3.185195987875522, 839.9978010303914, 720.3433745064867
54,
55.94456308263687, -3.185195987875522, W, 55.94456308263687. -3.1854959878755222, 839.9978010303914, 719.0933745064867
53,
55.94456308263687, -3.1854959878755222, NW, 55.944775214671225. -3.185708119909878, 839.9978010303914, 717.8433745064867
52,
55.944775214671225, -3.185708119909878, WNW, 55.944890019700935. -3.1859852837696314, 839.9978010303914, 716.5933745064867
51,
55.944890019700935, -3.1859852837696314, NE, 55.94510215173529. -3.1857731517352756, 839.9978010303914, 715.3433745064867
50,
55.94510215173529, -3.1857731517352756, SSE, 55.944824987875535. -3.185658346705566, 839.9978010303914, 714.0933745064867
49,
55.944824987875535, -3.185658346705566, E, 55.944824987875535. -3.185358346705566, 839.9978010303914, 712.8433745064867
48,
55.944824987875535, -3.185358346705566, WSW, 55.944710182845824. -3.1856355105653194, 839.9978010303914, 711.5933745064867
47,
55.944710182845824, -3.1856355105653194, WSW, 55.944595377816114. -3.1859126744250728, 839.9978010303914, 710.3433745064867
46,
55.944595377816114, -3.1859126744250728, SE, 55.94438324578176. -3.185700542390717, 839.9978010303914, 709.0933745064867
45,
55.94438324578176, -3.185700542390717, S, 55.944083245781755. -3.185700542390717, 839.9978010303914, 707.8433745064867
44,
55.944083245781755, -3.185700542390717, SSW, 55.943806081922. -3.1858153474204265, 839.9978010303914, 706.5933745064867
43,
55.943806081922, -3.1858153474204265, NE, 55.944018213956355. -3.1856032153860707, 839.9978010303914, 705.3433745064867
42,
55.944018213956355, -3.1856032153860707, W, 55.944018213956355. -3.185903215386071, 839.9978010303914, 704.0933745064867
41,
55.944018213956355, -3.185903215386071, ESE, 55.943903408926644. -3.1856260515263175, 839.9978010303914, 702.8433745064867
40,
55.943903408926644, -3.1856260515263175, SE, 55.94369127689229. -3.1854139194919617, 839.9978010303914, 701.5933745064867
39,
55.94369127689229, -3.1854139194919617, NNW, 55.943968440752045. -3.1855287245216712, 839.9978010303914, 700.3433745064867
38,
55.943968440752045, -3.1855287245216712, NNE, 55.9442456046118. -3.1854139194919617, 839.9978010303914, 699.0933745064867
37,
55.9442456046118, -3.1854139194919617, NNE, 55.94452276847156. -3.1852991144622522, 839.9978010303914, 697.8433745064867
36,
55.94452276847156, -3.1852991144622522, NNW, 55.944799932331314. -3.1854139194919617, 839.9978010303914, 696.5933745064867
35,
55.944799932331314, -3.1854139194919617, W, 55.944799932331314. -3.185713919491962, 839.9978010303914, 695.3433745064867
34,
55.944799932331314, -3.185713919491962, WSW, 55.944685127301604. -3.1859910833517153, 839.9978010303914, 694.0933745064867
33,
55.944685127301604, -3.1859910833517153, NW, 55.94489725933596. -3.186203215386071, 839.9978010303914, 692.8433745064867
32,
55.94489725933596, -3.186203215386071, WSW, 55.94478245430625. -3.1864803792458245, 839.9978010303914, 691.5933745064867
31,
55.94478245430625, -3.1864803792458245, SW, 55.94457032227189. -3.1866925112801803, 839.9978010303914, 690.3433745064867
30,
55.94457032227189, -3.1866925112801803, NNW, 55.94484748613165. -3.18680731630989, 839.9978010303914, 689.0933745064867
29,
55.94484748613165, -3.18680731630989, N, 55.94514748613165. -3.18680731630989, 839.9978010303914, 687.8433745064867
28,
55.94514748613165, -3.18680731630989, E, 55.94514748613165. -3.1865073163098896, 843.1199902882615, 721.2833914143692
27,
55.94514748613165, -3.1865073163098896, NNW, 55.94542464999141. -3.186622121339599, 962.002967754939, 770.2854140362864
26,
55.94542464999141, -3.186622121339599, ENE, 55.94553945502112. -3.1863449574798457, 962.002967754939, 769.0354140362864
25,
55.94553945502112, -3.1863449574798457, E, 55.94553945502112. -3.1860449574798455, 1046.0320891524973, 789.1051515272012
24,
55.94553945502112, -3.1860449574798455, SE, 55.94532732298676. -3.1858328254454897, 1046.0320891524973, 787.8551515272012
23,
55.94532732298676, -3.1858328254454897, ESE, 55.94521251795705. -3.1855556615857363, 1046.0320891524973, 786.6051515272012
22,
55.94521251795705, -3.1855556615857363, NE, 55.94542464999141. -3.1853435295513806, 1046.0320891524973, 785.3551515272012
21,
55.94542464999141, -3.1853435295513806, WNW, 55.94553945502112. -3.185620693411134, 1046.0320891524973, 784.1051515272012
20,
55.94553945502112, -3.185620693411134, ESE, 55.94542464999141. -3.1853435295513806, 1046.0320891524973, 782.8551515272012
19,
55.94542464999141, -3.1853435295513806, W, 55.94542464999141. -3.1856435295513807, 1046.0320891524973, 781.6051515272012
18,
55.94542464999141, -3.1856435295513807, ESE, 55.9453098449617. -3.1853663656916273, 1046.0320891524973, 780.3551515272012
17,
55.9453098449617, -3.1853663656916273, NW, 55.945521976996055. -3.185578497725983, 1046.0320891524973, 779.1051515272012
16,
55.945521976996055, -3.185578497725983, SE, 55.9453098449617. -3.1853663656916273, 1046.0320891524973, 777.8551515272012
15,
55.9453098449617, -3.1853663656916273, ENE, 55.94542464999141. -3.185089201831874, 1046.0320891524973, 776.6051515272012
14,
55.94542464999141, -3.185089201831874, WNW, 55.94553945502112. -3.1853663656916273, 1046.0320891524973, 775.3551515272012
13,
55.94553945502112, -3.1853663656916273, E, 55.94553945502112. -3.185066365691627, 1057.431947346731, 780.8369054395628
12,
55.94553945502112, -3.185066365691627, SSW, 55.94526229116136. -3.1851811707213367, 1057.431947346731, 779.5869054395628
11,
55.94526229116136, -3.1851811707213367, E, 55.94526229116136. -3.1848811707213365, 1057.431947346731, 778.3369054395628
10,
55.94526229116136, -3.1848811707213365, S, 55.94496229116136. -3.1848811707213365, 1057.431947346731, 777.0869054395628
9,
55.94496229116136, -3.1848811707213365, SSW, 55.944685127301604. -3.184995975751046, 1057.431947346731, 775.8369054395628
8,
55.944685127301604, -3.184995975751046, ENE, 55.944799932331314. -3.1847188118912926, 1057.431947346731, 774.5869054395628
7,
55.944799932331314, -3.1847188118912926, E, 55.944799932331314. -3.1844188118912924, 1079.380572294663, 800.2572001388653
6,
55.944799932331314, -3.1844188118912924, N, 55.94509993233132. -3.1844188118912924, 1079.380572294663, 799.0072001388653
5,
55.94509993233132, -3.1844188118912924, SSW, 55.94482276847156. -3.184533616921002, 1079.380572294663, 797.7572001388653
4,
55.94482276847156, -3.184533616921002, NNE, 55.94509993233132. -3.1844188118912924, 1079.380572294663, 796.5072001388653
3,
55.94509993233132, -3.1844188118912924, N, 55.94539993233132. -3.1844188118912924, 1079.380572294663, 795.2572001388653
2,
55.94539993233132, -3.1844188118912924, W, 55.94539993233132. -3.1847188118912926, 1079.380572294663, 794.0072001388653
1,

